 -1.8000E+00  5.4076E-04  1.5460E-02
 -1.7000E+00  2.8565E-04  5.6221E-02
 -1.6000E+00  1.6196E-03  5.1808E-02
 -1.5000E+00 -2.3146E-03  4.4084E-02
 -1.4000E+00  1.4770E-03  4.1370E-02
 -1.3000E+00  3.8305E-03  4.2576E-02
 -1.2000E+00 -2.8739E-03  3.8083E-02
 -1.1000E+00 -1.3393E-03  3.2977E-02
 -1.0000E+00  1.4741E-03  2.9537E-02
 -9.0000E-01 -1.0363E-04  2.7115E-02
 -8.0000E-01  1.4019E-03  2.8204E-02
 -7.0000E-01  7.3405E-03  2.4369E-02
 -6.0000E-01  6.8569E-03  2.3487E-02
 -5.0000E-01  4.9776E-03  1.9865E-02
 -4.0000E-01  6.4908E-03  1.8490E-02
 -3.0000E-01  7.0482E-03  1.6849E-02
 -2.0000E-01  8.3613E-03  1.4301E-02
 -1.0000E-01  9.6190E-03  1.3945E-02
  0.0000E+00  1.1850E-02  1.1109E-02
  1.0000E-01  1.5991E-02  9.0535E-03
  2.0000E-01  1.5766E-02  7.1732E-03
  3.0000E-01  1.7333E-02  6.1246E-03
  4.0000E-01  1.8972E-02  5.4506E-03
  5.0000E-01  1.9930E-02  5.3616E-03
  6.0000E-01  2.0820E-02  4.4660E-03
  7.0000E-01  2.0399E-02  4.9086E-03
  8.0000E-01  1.9591E-02  5.0172E-03
  9.0000E-01  1.8614E-02  5.8155E-03
  1.0000E+00  1.7112E-02  6.9803E-03
  1.1000E+00  1.4919E-02  7.4966E-03
  1.2000E+00  1.2099E-02  7.2660E-03
  1.3000E+00  9.6576E-03  7.9299E-03
  1.4000E+00  6.4147E-03  6.6884E-03
  1.5000E+00  4.0754E-03  5.6536E-03
  1.6000E+00  2.3044E-03  4.7070E-03
  1.7000E+00  1.2873E-03  4.8875E-03
  1.8000E+00  1.4422E-04  1.2358E-03
