 -1.8000E+00  4.9349E-05 -2.8542E-09 -5.7838E-05
 -1.7000E+00  1.6586E-02  2.3607E-05  1.4233E-03
 -1.6000E+00  2.6926E-01  3.8846E-04  1.4427E-03
 -1.5000E+00  1.3867E+00  2.0728E-03  1.4948E-03
 -1.4000E+00  4.1397E+00  6.6216E-03  1.5995E-03
 -1.3000E+00  9.0057E+00  1.5922E-02  1.7680E-03
 -1.2000E+00  1.5952E+01  3.2070E-02  2.0104E-03
 -1.1000E+00  2.4484E+01  5.6972E-02  2.3269E-03
 -1.0000E+00  3.3823E+01  9.1794E-02  2.7140E-03
 -9.0000E-01  4.3088E+01  1.3651E-01  3.1682E-03
 -8.0000E-01  5.1555E+01  1.9026E-01  3.6904E-03
 -7.0000E-01  5.8738E+01  2.5176E-01  4.2861E-03
 -6.0000E-01  6.4395E+01  3.2016E-01  4.9718E-03
 -5.0000E-01  6.8510E+01  3.9601E-01  5.7803E-03
 -4.0000E-01  7.1320E+01  4.8115E-01  6.7463E-03
 -3.0000E-01  7.3037E+01  5.7817E-01  7.9161E-03
 -2.0000E-01  7.4038E+01  6.8914E-01  9.3080E-03
 -1.0000E-01  7.4502E+01  8.1422E-01  1.0929E-02
  0.0000E+00  7.4652E+01  9.5079E-01  1.2736E-02
  1.0000E-01  7.4502E+01  1.0910E+00  1.4643E-02
  2.0000E-01  7.4038E+01  1.2243E+00  1.6536E-02
  3.0000E-01  7.3037E+01  1.3335E+00  1.8257E-02
  4.0000E-01  7.1320E+01  1.4038E+00  1.9683E-02
  5.0000E-01  6.8510E+01  1.4157E+00  2.0664E-02
  6.0000E-01  6.4395E+01  1.3595E+00  2.1112E-02
  7.0000E-01  5.8738E+01  1.2301E+00  2.0942E-02
  8.0000E-01  5.1555E+01  1.0361E+00  2.0097E-02
  9.0000E-01  4.3088E+01  7.9944E-01  1.8554E-02
  1.0000E+00  3.3823E+01  5.5241E-01  1.6332E-02
  1.1000E+00  2.4484E+01  3.3087E-01  1.3513E-02
  1.2000E+00  1.5952E+01  1.6425E-01  1.0297E-02
  1.3000E+00  9.0057E+00  6.3114E-02  7.0082E-03
  1.4000E+00  4.1397E+00  1.6829E-02  4.0653E-03
  1.5000E+00  1.3867E+00  2.5687E-03  1.8524E-03
  1.6000E+00  2.6926E-01  1.5206E-04  5.6474E-04
  1.7000E+00  1.6586E-02  1.2731E-06  7.6759E-05
  1.8000E+00  4.9349E-05  6.1822E-12  1.2528E-07
