 -1.8000E+00  3.2521E-02  7.6610E-04  2.3557E-02
 -1.7000E+00  1.5123E+00  3.1252E-02  2.0665E-02
 -1.6000E+00  7.4185E+00  1.4983E-01  2.0197E-02
 -1.5000E+00  1.9129E+01  3.8866E-01  2.0318E-02
 -1.4000E+00  3.6110E+01  7.4832E-01  2.0724E-02
 -1.3000E+00  5.6718E+01  1.2083E+00  2.1304E-02
 -1.2000E+00  7.9010E+01  1.7366E+00  2.1979E-02
 -1.1000E+00  1.0122E+02  2.2939E+00  2.2662E-02
 -1.0000E+00  1.2208E+02  2.8360E+00  2.3231E-02
 -9.0000E-01  1.4088E+02  3.3164E+00  2.3540E-02
 -8.0000E-01  1.5765E+02  3.6954E+00  2.3440E-02
 -7.0000E-01  1.7236E+02  3.9327E+00  2.2817E-02
 -6.0000E-01  1.8517E+02  4.0009E+00  2.1607E-02
 -5.0000E-01  1.9635E+02  3.8895E+00  1.9809E-02
 -4.0000E-01  2.0577E+02  3.5953E+00  1.7473E-02
 -3.0000E-01  2.1344E+02  3.1351E+00  1.4688E-02
 -2.0000E-01  2.1912E+02  2.5338E+00  1.1564E-02
 -1.0000E-01  2.2262E+02  1.8237E+00  8.1919E-03
  0.0000E+00  2.2383E+02  1.0530E+00  4.7044E-03
  1.0000E-01  2.2262E+02  2.7037E-01  1.2145E-03
  2.0000E-01  2.1912E+02 -4.7118E-01 -2.1503E-03
  3.0000E-01  2.1344E+02 -1.1132E+00 -5.2156E-03
  4.0000E-01  2.0577E+02 -1.6092E+00 -7.8206E-03
  5.0000E-01  1.9635E+02 -1.9226E+00 -9.7918E-03
  6.0000E-01  1.8517E+02 -2.0322E+00 -1.0975E-02
  7.0000E-01  1.7236E+02 -1.9488E+00 -1.1306E-02
  8.0000E-01  1.5765E+02 -1.7038E+00 -1.0808E-02
  9.0000E-01  1.4088E+02 -1.3549E+00 -9.6173E-03
  1.0000E+00  1.2208E+02 -9.7213E-01 -7.9631E-03
  1.1000E+00  1.0122E+02 -6.1733E-01 -6.0988E-03
  1.2000E+00  7.9010E+01 -3.3732E-01 -4.2694E-03
  1.3000E+00  5.6718E+01 -1.5145E-01 -2.6703E-03
  1.4000E+00  3.6110E+01 -5.1664E-02 -1.4308E-03
  1.5000E+00  1.9129E+01 -1.1602E-02 -6.0653E-04
  1.6000E+00  7.4185E+00 -1.2800E-03 -1.7254E-04
  1.7000E+00  1.5123E+00 -3.2407E-05 -2.1429E-05
  1.8000E+00  3.2521E-02 -4.9228E-09 -1.5137E-07
