 -1.8000E+00 -4.0519E-03  5.4036E-02
 -1.7000E+00  1.7383E-03  4.4026E-02
 -1.6000E+00  1.0179E-03  4.3838E-02
 -1.5000E+00  4.7667E-03  3.6904E-02
 -1.4000E+00 -3.3950E-03  3.6124E-02
 -1.3000E+00 -1.5489E-03  3.5842E-02
 -1.2000E+00  1.1707E-03  3.4856E-02
 -1.1000E+00  1.0969E-03  3.2111E-02
 -1.0000E+00  3.1108E-03  3.0715E-02
 -9.0000E-01  1.7409E-03  3.1319E-02
 -8.0000E-01  1.3044E-03  2.9792E-02
 -7.0000E-01  1.2423E-03  2.9310E-02
 -6.0000E-01  1.4143E-03  2.8426E-02
 -5.0000E-01 -1.2219E-03  2.6852E-02
 -4.0000E-01  7.1505E-04  2.4851E-02
 -3.0000E-01 -1.3550E-04  2.1069E-02
 -2.0000E-01 -2.1015E-03  1.9329E-02
 -1.0000E-01 -5.7716E-03  1.8625E-02
  0.0000E+00 -5.5313E-03  1.5128E-02
  1.0000E-01 -7.3311E-03  1.1788E-02
  2.0000E-01 -8.6601E-03  9.4222E-03
  3.0000E-01 -1.0178E-02  7.7980E-03
  4.0000E-01 -1.1770E-02  5.9902E-03
  5.0000E-01 -1.2184E-02  4.4705E-03
  6.0000E-01 -1.2757E-02  3.4811E-03
  7.0000E-01 -1.2508E-02  2.8166E-03
  8.0000E-01 -1.1618E-02  2.8605E-03
  9.0000E-01 -1.0299E-02  2.5329E-03
  1.0000E+00 -8.6058E-03  2.4348E-03
  1.1000E+00 -6.4351E-03  2.4622E-03
  1.2000E+00 -4.8920E-03  2.0091E-03
  1.3000E+00 -3.0528E-03  1.5755E-03
  1.4000E+00 -1.6907E-03  1.0204E-03
  1.5000E+00 -8.7825E-04  6.7955E-04
  1.6000E+00 -2.6262E-04  2.7039E-04
  1.7000E+00 -5.0428E-05  6.9683E-05
  1.8000E+00 -9.9555E-07  2.4870E-06
