Fill BeamE StartT BluePolAvrg err BlueP0 err BluedPdT err YellowPAvrg err YellowP0 err YellowdPdT err
15111 250 1297107252 27.87 14.04 49.34 10.19 -9.36 3.59 53.52 7.28 54.77 3.68 -0.52 1.70
15126 250 1297248274 39.34 4.86 43.05 4.22 -2.93 2.02 47.13 4.10 45.92 3.43 1.15 1.64
15132 250 1297329649 46.56 3.50 46.37 3.50 -0.67 0.67 49.79 3.56 49.23 3.56 -0.88 0.63
15154 250 1297479997 43.90 4.08 45.24 3.44 -0.53 0.37 48.69 2.91 60.06 2.76 -2.32 0.27
15155 250 1297528610 50.78 4.14 49.03 3.40  0.40 0.65 51.26 2.81 52.50 2.51 -0.74 0.37
15160 250 1297570662 58.69 6.18 57.91 5.72  0.26 0.48 52.23 2.81 53.99 2.49 -0.76 0.32
15163 250 1297615328 54.95 3.66 54.73 3.66 -0.67 0.67 57.01 2.81 56.36 2.81 -0.88 0.63
15166 250 1297656440 48.09 6.66 53.73 5.59 -0.39 1.54 50.02 6.97 46.71 5.76  0.36 1.66
15167 250 1297675014 56.31 3.64 56.31 3.64 -0.67 0.67 57.50 2.98 56.84 2.98 -0.88 0.63
15170 250 1297753361 51.16 3.79 53.97 3.26 -0.69 0.49 52.95 2.72 54.83 2.43 -0.77 0.30
15171 250 1297787122 39.06 4.03 38.90 4.03 -0.67 0.67 50.25 2.58 49.68 2.58 -0.88 0.63
15172 250 1297794621 52.50 3.21 53.46 2.66  0.22 0.35 51.05 2.68 48.63 2.23  0.33 0.28
15173 250 1297835118 51.55 4.07 51.51 3.40  0.17 0.73 52.91 3.31 54.99 2.76 -0.44 0.61
15182 250 1297951109 61.70 8.25 61.45 8.25 -0.67 0.67 58.41 4.25 57.75 4.25 -0.88 0.63
15190 250 1297994256 50.40 4.03 62.21 3.52 -1.54 0.39 59.25 3.60 61.77 3.04 -0.37 0.33
15194 250 1298072994 91.12 24.47 0.00 24.47 -0.67 0.67 0 0 0 0 0 0 
15196 250 1298092010 56.79 4.17 59.66 3.56 -0.53 0.45 53.86 3.42 55.67 2.93 -0.53 0.38
15200 250 1298177329 55.95 3.83 55.73 3.83 -0.67 0.67 57.98 3.27 57.32 3.27 -0.88 0.63
15202 250 1298202824 55.54 4.46 61.48 3.76 -1.23 0.53 51.77 3.68 58.19 3.13  0.04 0.39
15205 250 1298243261 56.70 4.18 60.45 3.71 -3.11 1.11 58.62 2.68 60.27 2.37 -1.73 0.68
15207 250 1298287275 50.52 4.14 55.40 3.49 -0.92 0.40 50.10 2.63 51.20 2.21 -0.61 0.25
15208 250 1298331224 55.39 3.78 56.46 3.78 -0.67 0.67 57.73 2.50 59.65 2.50 -0.88 0.63
15210 250 1298348748 50.23 4.49 56.58 3.91 -2.76 1.05 54.75 3.21 58.00 2.77 -2.90 0.74
15213 250 1298377543 55.07 4.52 59.61 3.61 -0.71 0.54 57.41 2.68 54.03 2.13  0.06 0.30
15216 250 1298428166 39.03 4.76 35.44 4.76 -0.67 0.67 50.49 2.38 48.32 2.38 -0.88 0.63
15217 250 1298439027 55.60 2.95 54.35 2.43  0.14 0.44 57.03 2.14 58.37 1.75 -0.60 0.33
15221 250 1298513620 56.31 1.37 56.31 1.37 -0.67 0.67 60.50 1.14 60.50 1.14 -0.88 0.63
15223 250 1298531271 48.16 3.32 50.27 2.56 -1.73 0.89 58.17 3.25 61.46 2.49 -1.92 0.86
15232 250 1298607970 41.28 3.33 39.91 3.33 -0.67 0.67 65.77 2.98 66.13 2.98 -0.88 0.63
15233 250 1298615599 52.55 4.75 62.20 3.33 -4.34 1.59 56.56 3.45 60.99 2.17 -2.31 1.13
15239 250 1298697440 44.26 4.40 55.05 3.64 -3.63 1.02 57.76 3.13 60.90 2.61 -0.84 0.59
15244 250 1298772801 51.93 2.95 49.01 2.56 -0.14 0.33 56.55 2.50 57.06 2.13 -0.70 0.30
15249 250 1298846753 53.88 3.44 57.15 3.01 -0.36 0.62 55.18 2.33 54.43 1.98  0.64 0.42
15251 250 1298884598 53.92 2.59 57.47 2.26 -1.05 0.31 55.11 2.38 58.33 2.05 -0.47 0.28
15254 250 1298940047 55.94 2.96 59.62 2.61 -0.46 0.33 52.34 2.42 53.39 2.07 -0.30 0.28
15255 250 1298976089 52.49 3.06 56.39 2.76 -1.09 0.34 52.88 2.37 56.29 2.15 -0.97 0.25
15256 250 1299026190 47.07 3.86 47.25 3.86 -0.67 0.67 59.18 2.46 56.14 2.46 -0.88 0.63
15257 250 1299047450 56.90 2.94 59.49 2.50 -1.12 0.59 53.10 3.04 46.27 2.72 -1.05 0.54
15261 250 1299145004 62.10 3.80 66.62 3.21 -1.22 0.95 57.35 3.02 61.86 2.62 -1.63 0.73
15280 250 1299300779 57.50 2.83 60.81 2.50 -0.93 0.27 59.91 2.33 60.27 2.03 -0.26 0.22
15283 250 1299350608 56.70 4.04 59.64 3.58 -1.22 0.65 59.85 3.42 64.28 3.19 -2.06 0.57
15284 250 1299377299 58.11 3.69 58.57 3.16 -0.91 0.55 60.67 2.95 65.25 2.67 -1.36 0.39
15285 250 1299420254 58.36 3.05 57.95 3.05 -0.67 0.67 64.88 2.77 63.59 2.77 -0.88 0.63
15287 250 1299431161 60.16 3.66 59.02 3.66 -0.67 0.67 67.89 3.87 60.90 3.87 -0.88 0.63
15288 250 1299468790 52.86 3.20 54.59 3.20 -0.67 0.67 55.53 3.31 57.93 3.31 -0.88 0.63
15298 250 1300278711 58.02 4.92 58.02 4.92 -0.67 0.67 0 0 0 0 0 0    
15299 250 1300306755 51.90 3.19 57.79 2.90 -1.41 0.35 61.60 2.60 63.06 2.24 -0.39 0.29
15300 250 1300345986 59.95 2.60 60.95 2.60 -0.67 0.67 62.39 2.35 63.23 2.35 -0.88 0.63
15302 250 1300369435 67.92 4.88 63.46 4.88 -0.67 0.67 62.04 4.59 58.07 4.59 -0.88 0.63
15303 250 1300383698 58.26 4.19 54.40 4.19 -0.67 0.67 61.30 3.64 60.30 3.64 -0.88 0.63
15311 250 1300609914 59.91 8.77 59.91 8.77 -0.67 0.67 52.59 5.01 51.99 5.01 -0.88 0.63
15312 250 1300621453 50.33 3.38 50.33 3.38 -0.67 0.67 52.40 3.74 52.40 3.74 -0.88 0.63
15314 250 1300654035 45.59 2.59 51.01 2.29 -1.82 0.33 57.39 2.27 59.88 1.95 -0.80 0.27
15315 250 1300697110 50.52 3.74 53.88 3.04 -3.69 1.43 58.27 3.62 56.78 2.95 -0.36 1.22
15316 250 1300718543 50.27 3.27 52.95 2.65 -1.07 0.52 53.63 3.12 55.13 2.51 -0.34 0.50
15322 250 1300789891 47.50 2.92 49.15 2.52 -1.06 0.34 54.07 2.62 52.02 2.32 -0.61 0.29
15324 250 1300835059 50.70 2.66 52.99 2.22 -0.39 0.30 55.31 2.32 55.72 2.04 -1.09 0.29
15325 250 1300872561 52.62 2.91 52.46 2.91 -0.67 0.67 59.56 3.22 55.70 3.22 -0.88 0.63
15330 250 1300919423 40.93 5.02 40.80 5.02 -0.67 0.67 58.28 3.26 57.12 3.26 -0.88 0.63
15335 250 1300952887 51.04 2.32 51.39 2.00 -0.11 0.26 55.25 2.55 57.54 2.21 -0.72 0.28
15337 250 1300999444 53.81 3.19 54.76 2.72 -0.18 0.39 54.42 2.59 58.41 2.24 -1.49 0.34
15338 250 1301036261 54.10 3.23 56.32 2.78 -0.93 0.44 54.93 3.78 58.74 3.19 -1.06 0.56
15353 250 1301165042 60.49 3.36 61.63 3.36 -0.67 0.67 64.93 3.39 64.36 3.39 -0.88 0.63
15356 250 1301182598 54.62 3.19 57.97 2.79 -0.94 0.39 55.88 4.31 59.80 3.70 -1.33 0.55
15357 250 1301218034 57.11 4.60 50.47 4.60 -0.67 0.67 59.61 4.54 60.18 4.54 -0.88 0.63
15359 250 1301246793 56.96 2.93 58.08 2.93 -0.67 0.67 56.64 2.67 56.68 2.67 -0.88 0.63
15363 250 1301262178 52.91 2.49 56.02 2.12 -0.24 0.30 53.01 2.73 56.26 2.48 -0.56 0.28
15364 250 1301299531 55.73 2.58 59.03 2.27 -0.52 0.27 52.15 2.72 55.36 2.50 -1.10 0.30
15365 250 1301342511 52.41 2.24 56.20 1.86 -0.99 0.33 52.55 2.95 53.88 2.53 -0.75 0.42
15366 250 1301379527 55.54 2.52 58.80 2.11 -0.10 0.30 54.79 2.26 56.73 1.94 -0.90 0.30
15368 250 1301425039 58.78 3.07 62.67 3.01 -0.48 0.45 51.80 2.24 53.28 1.92 -0.95 0.30
15370 250 1301477444 61.71 3.35 62.02 3.35 -0.67 0.67 54.45 1.99 54.82 1.99 -0.88 0.63
15372 250 1301532703 58.44 3.09 59.47 2.66 -0.20 0.36 52.08 3.87 54.27 3.03 -0.38 0.58
15376 250 1301588381 54.15 2.43 57.71 2.14 -0.52 0.25 51.76 2.16 51.53 1.89 -0.29 0.25
15378 250 1301633633 56.34 2.43 55.20 2.08  0.09 0.24 48.63 2.02 48.63 2.02 -0.88 0.63
15380 250 1301694547 53.80 2.84 50.58 2.30  0.45 0.39 52.86 2.41 54.91 2.13 -1.16 0.35
15381 250 1301737693 55.53 4.51 56.79 4.51 -0.67 0.67 53.85 5.07 54.22 5.07 -0.88 0.63
15386 250 1301789447 51.84 2.84 54.11 2.25 -0.16 0.39 47.16 2.74 54.18 2.30 -1.26 0.38
15390 250 1301840523 45.20 2.60 48.05 2.60 -0.67 0.67 50.24 2.42 50.38 2.42 -0.88 0.63
15392 250 1301861363 52.33 2.49 56.37 2.17 -0.84 0.29 51.17 1.94 53.41 1.77 -1.04 0.24
15393 250 1301897518 49.09 3.29 48.75 3.23 -0.22 0.40 48.33 1.74 50.01 1.44 -0.34 0.21
15397 250 1301963568 52.29 2.24 55.56 1.97 -0.60 0.25 44.80 2.02 47.18 1.78 -1.04 0.24
15399 250 1302024355 55.42 2.76 57.71 2.43 -0.76 0.31 47.96 2.12 49.51 1.85 -0.90 0.27
15402 250 1302070710 61.09 3.45 57.43 3.45 -0.67 0.67 49.77 1.96 50.04 1.96 -0.88 0.63
15403 250 1302084027 52.37 2.45 51.01 2.15 -0.52 0.27 46.67 2.21 48.67 1.84 -0.75 0.28
15404 250 1302123015 56.02 3.45 54.14 3.45 -0.67 0.67 49.14 2.31 47.91 2.31 -0.88 0.63
15408 250 1302141640 51.61 2.30 56.05 1.97 -0.83 0.24 47.17 1.88 49.36 1.67 -0.77 0.19
15419 250 1302242115 49.68 3.49 49.65 2.87  0.09 0.44 48.64 3.75 51.29 2.98 -0.55 0.52
