 -1.8000E+00  5.0000E-01  4.1543E-07
 -1.8000E+00  1.0000E+00  8.5286E-07
 -1.8000E+00  1.5000E+00  1.3175E-06
 -1.8000E+00  2.0000E+00  1.7713E-06
 -1.8000E+00  2.5000E+00  2.0923E-06
 -1.8000E+00  3.0000E+00  2.0296E-06
 -1.8000E+00  3.5000E+00  1.1911E-06
 -1.8000E+00  4.0000E+00 -9.0301E-07
 -1.8000E+00  4.5000E+00 -4.7569E-06
 -1.8000E+00  5.0000E+00 -1.1010E-05
 -1.8000E+00  5.5000E+00 -2.0980E-05
 -1.8000E+00  6.0000E+00 -3.8207E-05
 -1.8000E+00  6.5000E+00 -7.4096E-05
 -1.8000E+00  7.0000E+00 -1.8634E-04
 -1.8000E+00  7.5000E+00  6.5867E-02
 -1.8000E+00  8.0000E+00  2.7247E-04
 -1.8000E+00  8.5000E+00  1.5880E-04
 -1.8000E+00  9.0000E+00  1.1988E-04
 -1.8000E+00  9.5000E+00  9.9860E-05
 -1.8000E+00  1.0000E+01  8.8028E-05
 -1.8000E+00  1.0500E+01  8.0892E-05
 -1.8000E+00  1.1000E+01  7.6713E-05
 -1.8000E+00  1.1500E+01  7.4212E-05
 -1.8000E+00  1.2000E+01  7.2315E-05
 -1.8000E+00  1.2500E+01  7.0291E-05
 -1.8000E+00  1.3000E+01  6.7925E-05
 -1.8000E+00  1.3500E+01  6.5467E-05
 -1.8000E+00  1.4000E+01  6.3355E-05
 -1.8000E+00  1.4500E+01  6.1894E-05
 -1.8000E+00  1.5000E+01  6.1067E-05
 -1.7000E+00  5.0000E-01  5.2648E-07
 -1.7000E+00  1.0000E+00  1.0878E-06
 -1.7000E+00  1.5000E+00  1.7074E-06
 -1.7000E+00  2.0000E+00  2.3819E-06
 -1.7000E+00  2.5000E+00  3.0656E-06
 -1.7000E+00  3.0000E+00  3.6666E-06
 -1.7000E+00  3.5000E+00  4.0721E-06
 -1.7000E+00  4.0000E+00  4.2040E-06
 -1.7000E+00  4.5000E+00  4.0719E-06
 -1.7000E+00  5.0000E+00  3.7810E-06
 -1.7000E+00  5.5000E+00  3.4845E-06
 -1.7000E+00  6.0000E+00  3.3082E-06
 -1.7000E+00  6.5000E+00  3.2862E-06
 -1.7000E+00  7.0000E+00  3.3439E-06
 -1.7000E+00  7.5000E+00  3.3445E-06
 -1.7000E+00  8.0000E+00  3.1830E-06
 -1.7000E+00  8.5000E+00  2.8699E-06
 -1.7000E+00  9.0000E+00  2.5551E-06
 -1.7000E+00  9.5000E+00  2.4845E-06
 -1.7000E+00  1.0000E+01  2.9430E-06
 -1.7000E+00  1.0500E+01  4.3245E-06
 -1.7000E+00  1.1000E+01  8.3191E-06
 -1.7000E+00  1.1500E+01 -9.0361E-05
 -1.7000E+00  1.2000E+01 -3.5182E-06
 -1.7000E+00  1.2500E+01 -8.2932E-07
 -1.7000E+00  1.3000E+01 -3.0319E-07
 -1.7000E+00  1.3500E+01 -3.6205E-07
 -1.7000E+00  1.4000E+01 -4.8328E-07
 -1.7000E+00  1.4500E+01 -4.1808E-07
 -1.7000E+00  1.5000E+01 -1.1252E-07
 -1.6000E+00  5.0000E-01  2.3519E-07
 -1.6000E+00  1.0000E+00  4.6656E-07
 -1.6000E+00  1.5000E+00  6.8590E-07
 -1.6000E+00  2.0000E+00  8.7645E-07
 -1.6000E+00  2.5000E+00  1.0113E-06
 -1.6000E+00  3.0000E+00  1.0580E-06
 -1.6000E+00  3.5000E+00  9.9194E-07
 -1.6000E+00  4.0000E+00  8.1297E-07
 -1.6000E+00  4.5000E+00  5.5384E-07
 -1.6000E+00  5.0000E+00  2.7180E-07
 -1.6000E+00  5.5000E+00  2.6045E-08
 -1.6000E+00  6.0000E+00 -1.4779E-07
 -1.6000E+00  6.5000E+00 -2.5267E-07
 -1.6000E+00  7.0000E+00 -3.2591E-07
 -1.6000E+00  7.5000E+00 -4.1581E-07
 -1.6000E+00  8.0000E+00 -5.5127E-07
 -1.6000E+00  8.5000E+00 -7.2301E-07
 -1.6000E+00  9.0000E+00 -8.8942E-07
 -1.6000E+00  9.5000E+00 -1.0046E-06
 -1.6000E+00  1.0000E+01 -1.0534E-06
 -1.6000E+00  1.0500E+01 -1.0748E-06
 -1.6000E+00  1.1000E+01 -1.1586E-06
 -1.6000E+00  1.1500E+01 -1.4185E-06
 -1.6000E+00  1.2000E+01 -1.9715E-06
 -1.6000E+00  1.2500E+01 -2.9812E-06
 -1.6000E+00  1.3000E+01 -4.9495E-06
 -1.6000E+00  1.3500E+01 -1.0830E-05
 -1.6000E+00  1.4000E+01  1.6788E-04
 -1.6000E+00  1.4500E+01  1.0790E-05
 -1.6000E+00  1.5000E+01  6.1658E-06
 -1.5000E+00  5.0000E-01  2.3841E-07
 -1.5000E+00  1.0000E+00  3.5302E-07
 -1.5000E+00  1.5000E+00  2.4190E-07
 -1.5000E+00  2.0000E+00 -1.5042E-07
 -1.5000E+00  2.5000E+00 -8.1078E-07
 -1.5000E+00  3.0000E+00 -1.6531E-06
 -1.5000E+00  3.5000E+00 -2.5455E-06
 -1.5000E+00  4.0000E+00 -3.3626E-06
 -1.5000E+00  4.5000E+00 -4.0308E-06
 -1.5000E+00  5.0000E+00 -4.5420E-06
 -1.5000E+00  5.5000E+00 -4.9325E-06
 -1.5000E+00  6.0000E+00 -5.2457E-06
 -1.5000E+00  6.5000E+00 -5.5048E-06
 -1.5000E+00  7.0000E+00 -5.7069E-06
 -1.5000E+00  7.5000E+00 -5.8425E-06
 -1.5000E+00  8.0000E+00 -5.9221E-06
 -1.5000E+00  8.5000E+00 -5.9898E-06
 -1.5000E+00  9.0000E+00 -6.1107E-06
 -1.5000E+00  9.5000E+00 -6.3372E-06
 -1.5000E+00  1.0000E+01 -6.6756E-06
 -1.5000E+00  1.0500E+01 -7.0757E-06
 -1.5000E+00  1.1000E+01 -7.4589E-06
 -1.5000E+00  1.1500E+01 -7.7736E-06
 -1.5000E+00  1.2000E+01 -8.0494E-06
 -1.5000E+00  1.2500E+01 -8.4208E-06
 -1.5000E+00  1.3000E+01 -9.1125E-06
 -1.5000E+00  1.3500E+01 -1.0414E-05
 -1.5000E+00  1.4000E+01 -1.2710E-05
 -1.5000E+00  1.4500E+01 -1.6734E-05
 -1.5000E+00  1.5000E+01 -2.4790E-05
 -1.4000E+00  5.0000E-01  1.6475E-06
 -1.4000E+00  1.0000E+00  2.8284E-06
 -1.4000E+00  1.5000E+00  3.1698E-06
 -1.4000E+00  2.0000E+00  2.4888E-06
 -1.4000E+00  2.5000E+00  8.6570E-07
 -1.4000E+00  3.0000E+00 -1.3630E-06
 -1.4000E+00  3.5000E+00 -3.7275E-06
 -1.4000E+00  4.0000E+00 -5.8164E-06
 -1.4000E+00  4.5000E+00 -7.4244E-06
 -1.4000E+00  5.0000E+00 -8.5752E-06
 -1.4000E+00  5.5000E+00 -9.4299E-06
 -1.4000E+00  6.0000E+00 -1.0154E-05
 -1.4000E+00  6.5000E+00 -1.0816E-05
 -1.4000E+00  7.0000E+00 -1.1374E-05
 -1.4000E+00  7.5000E+00 -1.1735E-05
 -1.4000E+00  8.0000E+00 -1.1856E-05
 -1.4000E+00  8.5000E+00 -1.1804E-05
 -1.4000E+00  9.0000E+00 -1.1741E-05
 -1.4000E+00  9.5000E+00 -1.1840E-05
 -1.4000E+00  1.0000E+01 -1.2190E-05
 -1.4000E+00  1.0500E+01 -1.2756E-05
 -1.4000E+00  1.1000E+01 -1.3427E-05
 -1.4000E+00  1.1500E+01 -1.4123E-05
 -1.4000E+00  1.2000E+01 -1.4884E-05
 -1.4000E+00  1.2500E+01 -1.5880E-05
 -1.4000E+00  1.3000E+01 -1.7320E-05
 -1.4000E+00  1.3500E+01 -1.9308E-05
 -1.4000E+00  1.4000E+01 -2.1752E-05
 -1.4000E+00  1.4500E+01 -2.4415E-05
 -1.4000E+00  1.5000E+01 -2.7144E-05
 -1.3000E+00  5.0000E-01  5.2144E-06
 -1.3000E+00  1.0000E+00  9.3057E-06
 -1.3000E+00  1.5000E+00  1.1384E-05
 -1.3000E+00  2.0000E+00  1.1019E-05
 -1.3000E+00  2.5000E+00  8.4021E-06
 -1.3000E+00  3.0000E+00  4.2969E-06
 -1.3000E+00  3.5000E+00 -2.5514E-07
 -1.3000E+00  4.0000E+00 -4.3617E-06
 -1.3000E+00  4.5000E+00 -7.5802E-06
 -1.3000E+00  5.0000E+00 -9.9449E-06
 -1.3000E+00  5.5000E+00 -1.1766E-05
 -1.3000E+00  6.0000E+00 -1.3359E-05
 -1.3000E+00  6.5000E+00 -1.4857E-05
 -1.3000E+00  7.0000E+00 -1.6178E-05
 -1.3000E+00  7.5000E+00 -1.7158E-05
 -1.3000E+00  8.0000E+00 -1.7721E-05
 -1.3000E+00  8.5000E+00 -1.7984E-05
 -1.3000E+00  9.0000E+00 -1.8214E-05
 -1.3000E+00  9.5000E+00 -1.8664E-05
 -1.3000E+00  1.0000E+01 -1.9409E-05
 -1.3000E+00  1.0500E+01 -2.0298E-05
 -1.3000E+00  1.1000E+01 -2.1075E-05
 -1.3000E+00  1.1500E+01 -2.1586E-05
 -1.3000E+00  1.2000E+01 -2.1948E-05
 -1.3000E+00  1.2500E+01 -2.2540E-05
 -1.3000E+00  1.3000E+01 -2.3806E-05
 -1.3000E+00  1.3500E+01 -2.5982E-05
 -1.3000E+00  1.4000E+01 -2.8930E-05
 -1.3000E+00  1.4500E+01 -3.2200E-05
 -1.3000E+00  1.5000E+01 -3.5357E-05
 -1.2000E+00  5.0000E-01  9.3460E-06
 -1.2000E+00  1.0000E+00  1.6795E-05
 -1.2000E+00  1.5000E+00  2.0851E-05
 -1.2000E+00  2.0000E+00  2.0807E-05
 -1.2000E+00  2.5000E+00  1.6987E-05
 -1.2000E+00  3.0000E+00  1.0653E-05
 -1.2000E+00  3.5000E+00  3.4978E-06
 -1.2000E+00  4.0000E+00 -3.0460E-06
 -1.2000E+00  4.5000E+00 -8.2627E-06
 -1.2000E+00  5.0000E+00 -1.2178E-05
 -1.2000E+00  5.5000E+00 -1.5238E-05
 -1.2000E+00  6.0000E+00 -1.7901E-05
 -1.2000E+00  6.5000E+00 -2.0357E-05
 -1.2000E+00  7.0000E+00 -2.2497E-05
 -1.2000E+00  7.5000E+00 -2.4096E-05
 -1.2000E+00  8.0000E+00 -2.5070E-05
 -1.2000E+00  8.5000E+00 -2.5614E-05
 -1.2000E+00  9.0000E+00 -2.6125E-05
 -1.2000E+00  9.5000E+00 -2.6964E-05
 -1.2000E+00  1.0000E+01 -2.8219E-05
 -1.2000E+00  1.0500E+01 -2.9656E-05
 -1.2000E+00  1.1000E+01 -3.0881E-05
 -1.2000E+00  1.1500E+01 -3.1653E-05
 -1.2000E+00  1.2000E+01 -3.2093E-05
 -1.2000E+00  1.2500E+01 -3.2671E-05
 -1.2000E+00  1.3000E+01 -3.3927E-05
 -1.2000E+00  1.3500E+01 -3.6111E-05
 -1.2000E+00  1.4000E+01 -3.8983E-05
 -1.2000E+00  1.4500E+01 -4.1938E-05
 -1.2000E+00  1.5000E+01 -4.4430E-05
 -1.1000E+00  5.0000E-01  8.2219E-06
 -1.1000E+00  1.0000E+00  1.4343E-05
 -1.1000E+00  1.5000E+00  1.6726E-05
 -1.1000E+00  2.0000E+00  1.4636E-05
 -1.1000E+00  2.5000E+00  8.5125E-06
 -1.1000E+00  3.0000E+00 -1.4921E-07
 -1.1000E+00  3.5000E+00 -9.3958E-06
 -1.1000E+00  4.0000E+00 -1.7598E-05
 -1.1000E+00  4.5000E+00 -2.3971E-05
 -1.1000E+00  5.0000E+00 -2.8589E-05
 -1.1000E+00  5.5000E+00 -3.2019E-05
 -1.1000E+00  6.0000E+00 -3.4848E-05
 -1.1000E+00  6.5000E+00 -3.7365E-05
 -1.1000E+00  7.0000E+00 -3.9519E-05
 -1.1000E+00  7.5000E+00 -4.1125E-05
 -1.1000E+00  8.0000E+00 -4.2133E-05
 -1.1000E+00  8.5000E+00 -4.2773E-05
 -1.1000E+00  9.0000E+00 -4.3462E-05
 -1.1000E+00  9.5000E+00 -4.4541E-05
 -1.1000E+00  1.0000E+01 -4.6032E-05
 -1.1000E+00  1.0500E+01 -4.7597E-05
 -1.1000E+00  1.1000E+01 -4.8760E-05
 -1.1000E+00  1.1500E+01 -4.9241E-05
 -1.1000E+00  1.2000E+01 -4.9207E-05
 -1.1000E+00  1.2500E+01 -4.9231E-05
 -1.1000E+00  1.3000E+01 -4.9981E-05
 -1.1000E+00  1.3500E+01 -5.1820E-05
 -1.1000E+00  1.4000E+01 -5.4589E-05
 -1.1000E+00  1.4500E+01 -5.7733E-05
 -1.1000E+00  1.5000E+01 -6.0734E-05
 -1.0000E+00  5.0000E-01 -8.8764E-06
 -1.0000E+00  1.0000E+00 -1.8253E-05
 -1.0000E+00  1.5000E+00 -2.8459E-05
 -1.0000E+00  2.0000E+00 -3.9479E-05
 -1.0000E+00  2.5000E+00 -5.0839E-05
 -1.0000E+00  3.0000E+00 -6.1663E-05
 -1.0000E+00  3.5000E+00 -7.0968E-05
 -1.0000E+00  4.0000E+00 -7.8068E-05
 -1.0000E+00  4.5000E+00 -8.2849E-05
 -1.0000E+00  5.0000E+00 -8.5743E-05
 -1.0000E+00  5.5000E+00 -8.7448E-05
 -1.0000E+00  6.0000E+00 -8.8566E-05
 -1.0000E+00  6.5000E+00 -8.9369E-05
 -1.0000E+00  7.0000E+00 -8.9808E-05
 -1.0000E+00  7.5000E+00 -8.9715E-05
 -1.0000E+00  8.0000E+00 -8.9064E-05
 -1.0000E+00  8.5000E+00 -8.8084E-05
 -1.0000E+00  9.0000E+00 -8.7173E-05
 -1.0000E+00  9.5000E+00 -8.6656E-05
 -1.0000E+00  1.0000E+01 -8.6578E-05
 -1.0000E+00  1.0500E+01 -8.6675E-05
 -1.0000E+00  1.1000E+01 -8.6569E-05
 -1.0000E+00  1.1500E+01 -8.6059E-05
 -1.0000E+00  1.2000E+01 -8.5319E-05
 -1.0000E+00  1.2500E+01 -8.4839E-05
 -1.0000E+00  1.3000E+01 -8.5145E-05
 -1.0000E+00  1.3500E+01 -8.6453E-05
 -1.0000E+00  1.4000E+01 -8.8500E-05
 -1.0000E+00  1.4500E+01 -9.0682E-05
 -1.0000E+00  1.5000E+01 -9.2451E-05
 -9.0000E-01  5.0000E-01 -5.7473E-05
 -9.0000E-01  1.0000E+00 -1.1032E-04
 -9.0000E-01  1.5000E+00 -1.5474E-04
 -9.0000E-01  2.0000E+00 -1.8850E-04
 -9.0000E-01  2.5000E+00 -2.1128E-04
 -9.0000E-01  3.0000E+00 -2.2448E-04
 -9.0000E-01  3.5000E+00 -2.3042E-04
 -9.0000E-01  4.0000E+00 -2.3140E-04
 -9.0000E-01  4.5000E+00 -2.2923E-04
 -9.0000E-01  5.0000E+00 -2.2518E-04
 -9.0000E-01  5.5000E+00 -2.2011E-04
 -9.0000E-01  6.0000E+00 -2.1460E-04
 -9.0000E-01  6.5000E+00 -2.0898E-04
 -9.0000E-01  7.0000E+00 -2.0342E-04
 -9.0000E-01  7.5000E+00 -1.9801E-04
 -9.0000E-01  8.0000E+00 -1.9283E-04
 -9.0000E-01  8.5000E+00 -1.8799E-04
 -9.0000E-01  9.0000E+00 -1.8362E-04
 -9.0000E-01  9.5000E+00 -1.7982E-04
 -9.0000E-01  1.0000E+01 -1.7660E-04
 -9.0000E-01  1.0500E+01 -1.7390E-04
 -9.0000E-01  1.1000E+01 -1.7164E-04
 -9.0000E-01  1.1500E+01 -1.6977E-04
 -9.0000E-01  1.2000E+01 -1.6831E-04
 -9.0000E-01  1.2500E+01 -1.6734E-04
 -9.0000E-01  1.3000E+01 -1.6693E-04
 -9.0000E-01  1.3500E+01 -1.6710E-04
 -9.0000E-01  1.4000E+01 -1.6783E-04
 -9.0000E-01  1.4500E+01 -1.6909E-04
 -9.0000E-01  1.5000E+01 -1.7097E-04
 -8.0000E-01  5.0000E-01 -1.5343E-04
 -8.0000E-01  1.0000E+00 -2.9202E-04
 -8.0000E-01  1.5000E+00 -4.0376E-04
 -8.0000E-01  2.0000E+00 -4.8201E-04
 -8.0000E-01  2.5000E+00 -5.2682E-04
 -8.0000E-01  3.0000E+00 -5.4417E-04
 -8.0000E-01  3.5000E+00 -5.4295E-04
 -8.0000E-01  4.0000E+00 -5.3148E-04
 -8.0000E-01  4.5000E+00 -5.1541E-04
 -8.0000E-01  5.0000E+00 -4.9766E-04
 -8.0000E-01  5.5000E+00 -4.7937E-04
 -8.0000E-01  6.0000E+00 -4.6092E-04
 -8.0000E-01  6.5000E+00 -4.4266E-04
 -8.0000E-01  7.0000E+00 -4.2511E-04
 -8.0000E-01  7.5000E+00 -4.0888E-04
 -8.0000E-01  8.0000E+00 -3.9437E-04
 -8.0000E-01  8.5000E+00 -3.8162E-04
 -8.0000E-01  9.0000E+00 -3.7034E-04
 -8.0000E-01  9.5000E+00 -3.6017E-04
 -8.0000E-01  1.0000E+01 -3.5089E-04
 -8.0000E-01  1.0500E+01 -3.4261E-04
 -8.0000E-01  1.1000E+01 -3.3557E-04
 -8.0000E-01  1.1500E+01 -3.2989E-04
 -8.0000E-01  1.2000E+01 -3.2541E-04
 -8.0000E-01  1.2500E+01 -3.2169E-04
 -8.0000E-01  1.3000E+01 -3.1828E-04
 -8.0000E-01  1.3500E+01 -3.1508E-04
 -8.0000E-01  1.4000E+01 -3.1241E-04
 -8.0000E-01  1.4500E+01 -3.1094E-04
 -8.0000E-01  1.5000E+01 -3.1126E-04
 -7.0000E-01  5.0000E-01 -3.1145E-04
 -7.0000E-01  1.0000E+00 -5.9156E-04
 -7.0000E-01  1.5000E+00 -8.1499E-04
 -7.0000E-01  2.0000E+00 -9.6787E-04
 -7.0000E-01  2.5000E+00 -1.0507E-03
 -7.0000E-01  3.0000E+00 -1.0768E-03
 -7.0000E-01  3.5000E+00 -1.0655E-03
 -7.0000E-01  4.0000E+00 -1.0348E-03
 -7.0000E-01  4.5000E+00 -9.9660E-04
 -7.0000E-01  5.0000E+00 -9.5663E-04
 -7.0000E-01  5.5000E+00 -9.1664E-04
 -7.0000E-01  6.0000E+00 -8.7697E-04
 -7.0000E-01  6.5000E+00 -8.3809E-04
 -7.0000E-01  7.0000E+00 -8.0110E-04
 -7.0000E-01  7.5000E+00 -7.6728E-04
 -7.0000E-01  8.0000E+00 -7.3734E-04
 -7.0000E-01  8.5000E+00 -7.1099E-04
 -7.0000E-01  9.0000E+00 -6.8724E-04
 -7.0000E-01  9.5000E+00 -6.6510E-04
 -7.0000E-01  1.0000E+01 -6.4433E-04
 -7.0000E-01  1.0500E+01 -6.2561E-04
 -7.0000E-01  1.1000E+01 -6.1002E-04
 -7.0000E-01  1.1500E+01 -5.9812E-04
 -7.0000E-01  1.2000E+01 -5.8933E-04
 -7.0000E-01  1.2500E+01 -5.8209E-04
 -7.0000E-01  1.3000E+01 -5.7476E-04
 -7.0000E-01  1.3500E+01 -5.6663E-04
 -7.0000E-01  1.4000E+01 -5.5851E-04
 -7.0000E-01  1.4500E+01 -5.5229E-04
 -7.0000E-01  1.5000E+01 -5.4984E-04
 -6.0000E-01  5.0000E-01 -5.4050E-04
 -6.0000E-01  1.0000E+00 -1.0264E-03
 -6.0000E-01  1.5000E+00 -1.4134E-03
 -6.0000E-01  2.0000E+00 -1.6773E-03
 -6.0000E-01  2.5000E+00 -1.8191E-03
 -6.0000E-01  3.0000E+00 -1.8619E-03
 -6.0000E-01  3.5000E+00 -1.8398E-03
 -6.0000E-01  4.0000E+00 -1.7844E-03
 -6.0000E-01  4.5000E+00 -1.7165E-03
 -6.0000E-01  5.0000E+00 -1.6460E-03
 -6.0000E-01  5.5000E+00 -1.5759E-03
 -6.0000E-01  6.0000E+00 -1.5065E-03
 -6.0000E-01  6.5000E+00 -1.4387E-03
 -6.0000E-01  7.0000E+00 -1.3744E-03
 -6.0000E-01  7.5000E+00 -1.3161E-03
 -6.0000E-01  8.0000E+00 -1.2649E-03
 -6.0000E-01  8.5000E+00 -1.2203E-03
 -6.0000E-01  9.0000E+00 -1.1804E-03
 -6.0000E-01  9.5000E+00 -1.1430E-03
 -6.0000E-01  1.0000E+01 -1.1076E-03
 -6.0000E-01  1.0500E+01 -1.0753E-03
 -6.0000E-01  1.1000E+01 -1.0478E-03
 -6.0000E-01  1.1500E+01 -1.0263E-03
 -6.0000E-01  1.2000E+01 -1.0099E-03
 -6.0000E-01  1.2500E+01 -9.9593E-04
 -6.0000E-01  1.3000E+01 -9.8174E-04
 -6.0000E-01  1.3500E+01 -9.6627E-04
 -6.0000E-01  1.4000E+01 -9.5105E-04
 -6.0000E-01  1.4500E+01 -9.3942E-04
 -6.0000E-01  1.5000E+01 -9.3440E-04
 -5.0000E-01  5.0000E-01 -8.4161E-04
 -5.0000E-01  1.0000E+00 -1.5990E-03
 -5.0000E-01  1.5000E+00 -2.2039E-03
 -5.0000E-01  2.0000E+00 -2.6185E-03
 -5.0000E-01  2.5000E+00 -2.8438E-03
 -5.0000E-01  3.0000E+00 -2.9152E-03
 -5.0000E-01  3.5000E+00 -2.8852E-03
 -5.0000E-01  4.0000E+00 -2.8026E-03
 -5.0000E-01  4.5000E+00 -2.6998E-03
 -5.0000E-01  5.0000E+00 -2.5924E-03
 -5.0000E-01  5.5000E+00 -2.4851E-03
 -5.0000E-01  6.0000E+00 -2.3787E-03
 -5.0000E-01  6.5000E+00 -2.2744E-03
 -5.0000E-01  7.0000E+00 -2.1754E-03
 -5.0000E-01  7.5000E+00 -2.0853E-03
 -5.0000E-01  8.0000E+00 -2.0061E-03
 -5.0000E-01  8.5000E+00 -1.9370E-03
 -5.0000E-01  9.0000E+00 -1.8749E-03
 -5.0000E-01  9.5000E+00 -1.8167E-03
 -5.0000E-01  1.0000E+01 -1.7615E-03
 -5.0000E-01  1.0500E+01 -1.7109E-03
 -5.0000E-01  1.1000E+01 -1.6678E-03
 -5.0000E-01  1.1500E+01 -1.6340E-03
 -5.0000E-01  1.2000E+01 -1.6084E-03
 -5.0000E-01  1.2500E+01 -1.5872E-03
 -5.0000E-01  1.3000E+01 -1.5665E-03
 -5.0000E-01  1.3500E+01 -1.5447E-03
 -5.0000E-01  1.4000E+01 -1.5242E-03
 -5.0000E-01  1.4500E+01 -1.5100E-03
 -5.0000E-01  1.5000E+01 -1.5066E-03
 -4.0000E-01  5.0000E-01 -1.2099E-03
 -4.0000E-01  1.0000E+00 -2.3005E-03
 -4.0000E-01  1.5000E+00 -3.1752E-03
 -4.0000E-01  2.0000E+00 -3.7799E-03
 -4.0000E-01  2.5000E+00 -4.1150E-03
 -4.0000E-01  3.0000E+00 -4.2298E-03
 -4.0000E-01  3.5000E+00 -4.1981E-03
 -4.0000E-01  4.0000E+00 -4.0890E-03
 -4.0000E-01  4.5000E+00 -3.9489E-03
 -4.0000E-01  5.0000E+00 -3.8004E-03
 -4.0000E-01  5.5000E+00 -3.6508E-03
 -4.0000E-01  6.0000E+00 -3.5017E-03
 -4.0000E-01  6.5000E+00 -3.3551E-03
 -4.0000E-01  7.0000E+00 -3.2153E-03
 -4.0000E-01  7.5000E+00 -3.0875E-03
 -4.0000E-01  8.0000E+00 -2.9746E-03
 -4.0000E-01  8.5000E+00 -2.8755E-03
 -4.0000E-01  9.0000E+00 -2.7865E-03
 -4.0000E-01  9.5000E+00 -2.7033E-03
 -4.0000E-01  1.0000E+01 -2.6248E-03
 -4.0000E-01  1.0500E+01 -2.5533E-03
 -4.0000E-01  1.1000E+01 -2.4931E-03
 -4.0000E-01  1.1500E+01 -2.4467E-03
 -4.0000E-01  1.2000E+01 -2.4123E-03
 -4.0000E-01  1.2500E+01 -2.3849E-03
 -4.0000E-01  1.3000E+01 -2.3587E-03
 -4.0000E-01  1.3500E+01 -2.3314E-03
 -4.0000E-01  1.4000E+01 -2.3063E-03
 -4.0000E-01  1.4500E+01 -2.2900E-03
 -4.0000E-01  1.5000E+01 -2.2890E-03
 -3.0000E-01  5.0000E-01 -1.6337E-03
 -3.0000E-01  1.0000E+00 -3.1094E-03
 -3.0000E-01  1.5000E+00 -4.2984E-03
 -3.0000E-01  2.0000E+00 -5.1282E-03
 -3.0000E-01  2.5000E+00 -5.5983E-03
 -3.0000E-01  3.0000E+00 -5.7726E-03
 -3.0000E-01  3.5000E+00 -5.7483E-03
 -3.0000E-01  4.0000E+00 -5.6168E-03
 -3.0000E-01  4.5000E+00 -5.4402E-03
 -3.0000E-01  5.0000E+00 -5.2495E-03
 -3.0000E-01  5.5000E+00 -5.0554E-03
 -3.0000E-01  6.0000E+00 -4.8608E-03
 -3.0000E-01  6.5000E+00 -4.6688E-03
 -3.0000E-01  7.0000E+00 -4.4851E-03
 -3.0000E-01  7.5000E+00 -4.3165E-03
 -3.0000E-01  8.0000E+00 -4.1671E-03
 -3.0000E-01  8.5000E+00 -4.0359E-03
 -3.0000E-01  9.0000E+00 -3.9181E-03
 -3.0000E-01  9.5000E+00 -3.8086E-03
 -3.0000E-01  1.0000E+01 -3.7057E-03
 -3.0000E-01  1.0500E+01 -3.6126E-03
 -3.0000E-01  1.1000E+01 -3.5344E-03
 -3.0000E-01  1.1500E+01 -3.4743E-03
 -3.0000E-01  1.2000E+01 -3.4303E-03
 -3.0000E-01  1.2500E+01 -3.3959E-03
 -3.0000E-01  1.3000E+01 -3.3639E-03
 -3.0000E-01  1.3500E+01 -3.3316E-03
 -3.0000E-01  1.4000E+01 -3.3029E-03
 -3.0000E-01  1.4500E+01 -3.2864E-03
 -3.0000E-01  1.5000E+01 -3.2905E-03
 -2.0000E-01  5.0000E-01 -2.0981E-03
 -2.0000E-01  1.0000E+00 -3.9967E-03
 -2.0000E-01  1.5000E+00 -5.5332E-03
 -2.0000E-01  2.0000E+00 -6.6153E-03
 -2.0000E-01  2.5000E+00 -7.2408E-03
 -2.0000E-01  3.0000E+00 -7.4892E-03
 -2.0000E-01  3.5000E+00 -7.4817E-03
 -2.0000E-01  4.0000E+00 -7.3333E-03
 -2.0000E-01  4.5000E+00 -7.1230E-03
 -2.0000E-01  5.0000E+00 -6.8911E-03
 -2.0000E-01  5.5000E+00 -6.6524E-03
 -2.0000E-01  6.0000E+00 -6.4115E-03
 -2.0000E-01  6.5000E+00 -6.1730E-03
 -2.0000E-01  7.0000E+00 -5.9441E-03
 -2.0000E-01  7.5000E+00 -5.7335E-03
 -2.0000E-01  8.0000E+00 -5.5462E-03
 -2.0000E-01  8.5000E+00 -5.3814E-03
 -2.0000E-01  9.0000E+00 -5.2335E-03
 -2.0000E-01  9.5000E+00 -5.0966E-03
 -2.0000E-01  1.0000E+01 -4.9687E-03
 -2.0000E-01  1.0500E+01 -4.8533E-03
 -2.0000E-01  1.1000E+01 -4.7567E-03
 -2.0000E-01  1.1500E+01 -4.6828E-03
 -2.0000E-01  1.2000E+01 -4.6297E-03
 -2.0000E-01  1.2500E+01 -4.5897E-03
 -2.0000E-01  1.3000E+01 -4.5544E-03
 -2.0000E-01  1.3500E+01 -4.5203E-03
 -2.0000E-01  1.4000E+01 -4.4919E-03
 -2.0000E-01  1.4500E+01 -4.4797E-03
 -2.0000E-01  1.5000E+01 -4.4937E-03
 -1.0000E-01  5.0000E-01 -2.5885E-03
 -1.0000E-01  1.0000E+00 -4.9349E-03
 -1.0000E-01  1.5000E+00 -6.8413E-03
 -1.0000E-01  2.0000E+00 -8.1949E-03
 -1.0000E-01  2.5000E+00 -8.9918E-03
 -1.0000E-01  3.0000E+00 -9.3265E-03
 -1.0000E-01  3.5000E+00 -9.3450E-03
 -1.0000E-01  4.0000E+00 -9.1862E-03
 -1.0000E-01  4.5000E+00 -8.9463E-03
 -1.0000E-01  5.0000E+00 -8.6754E-03
 -1.0000E-01  5.5000E+00 -8.3932E-03
 -1.0000E-01  6.0000E+00 -8.1065E-03
 -1.0000E-01  6.5000E+00 -7.8213E-03
 -1.0000E-01  7.0000E+00 -7.5469E-03
 -1.0000E-01  7.5000E+00 -7.2933E-03
 -1.0000E-01  8.0000E+00 -7.0668E-03
 -1.0000E-01  8.5000E+00 -6.8668E-03
 -1.0000E-01  9.0000E+00 -6.6873E-03
 -1.0000E-01  9.5000E+00 -6.5215E-03
 -1.0000E-01  1.0000E+01 -6.3675E-03
 -1.0000E-01  1.0500E+01 -6.2294E-03
 -1.0000E-01  1.1000E+01 -6.1147E-03
 -1.0000E-01  1.1500E+01 -6.0281E-03
 -1.0000E-01  1.2000E+01 -5.9675E-03
 -1.0000E-01  1.2500E+01 -5.9245E-03
 -1.0000E-01  1.3000E+01 -5.8894E-03
 -1.0000E-01  1.3500E+01 -5.8580E-03
 -1.0000E-01  1.4000E+01 -5.8352E-03
 -1.0000E-01  1.4500E+01 -5.8327E-03
 -1.0000E-01  1.5000E+01 -5.8623E-03
  0.0000E+00  5.0000E-01 -3.0828E-03
  0.0000E+00  1.0000E+00 -5.8810E-03
  0.0000E+00  1.5000E+00 -8.1620E-03
  0.0000E+00  2.0000E+00 -9.7925E-03
  0.0000E+00  2.5000E+00 -1.0767E-02
  0.0000E+00  3.0000E+00 -1.1194E-02
  0.0000E+00  3.5000E+00 -1.1244E-02
  0.0000E+00  4.0000E+00 -1.1080E-02
  0.0000E+00  4.5000E+00 -1.0814E-02
  0.0000E+00  5.0000E+00 -1.0507E-02
  0.0000E+00  5.5000E+00 -1.0184E-02
  0.0000E+00  6.0000E+00 -9.8530E-03
  0.0000E+00  6.5000E+00 -9.5230E-03
  0.0000E+00  7.0000E+00 -9.2044E-03
  0.0000E+00  7.5000E+00 -8.9090E-03
  0.0000E+00  8.0000E+00 -8.6441E-03
  0.0000E+00  8.5000E+00 -8.4098E-03
  0.0000E+00  9.0000E+00 -8.1998E-03
  0.0000E+00  9.5000E+00 -8.0068E-03
  0.0000E+00  1.0000E+01 -7.8284E-03
  0.0000E+00  1.0500E+01 -7.6690E-03
  0.0000E+00  1.1000E+01 -7.5366E-03
  0.0000E+00  1.1500E+01 -7.4365E-03
  0.0000E+00  1.2000E+01 -7.3669E-03
  0.0000E+00  1.2500E+01 -7.3188E-03
  0.0000E+00  1.3000E+01 -7.2824E-03
  0.0000E+00  1.3500E+01 -7.2533E-03
  0.0000E+00  1.4000E+01 -7.2369E-03
  0.0000E+00  1.4500E+01 -7.2459E-03
  0.0000E+00  1.5000E+01 -7.2932E-03
  1.0000E-01  5.0000E-01 -3.5611E-03
  1.0000E-01  1.0000E+00 -6.7968E-03
  1.0000E-01  1.5000E+00 -9.4408E-03
  1.0000E-01  2.0000E+00 -1.1340E-02
  1.0000E-01  2.5000E+00 -1.2488E-02
  1.0000E-01  3.0000E+00 -1.3008E-02
  1.0000E-01  3.5000E+00 -1.3092E-02
  1.0000E-01  4.0000E+00 -1.2925E-02
  1.0000E-01  4.5000E+00 -1.2637E-02
  1.0000E-01  5.0000E+00 -1.2296E-02
  1.0000E-01  5.5000E+00 -1.1934E-02
  1.0000E-01  6.0000E+00 -1.1561E-02
  1.0000E-01  6.5000E+00 -1.1189E-02
  1.0000E-01  7.0000E+00 -1.0828E-02
  1.0000E-01  7.5000E+00 -1.0493E-02
  1.0000E-01  8.0000E+00 -1.0191E-02
  1.0000E-01  8.5000E+00 -9.9229E-03
  1.0000E-01  9.0000E+00 -9.6830E-03
  1.0000E-01  9.5000E+00 -9.4634E-03
  1.0000E-01  1.0000E+01 -9.2616E-03
  1.0000E-01  1.0500E+01 -9.0819E-03
  1.0000E-01  1.1000E+01 -8.9326E-03
  1.0000E-01  1.1500E+01 -8.8195E-03
  1.0000E-01  1.2000E+01 -8.7410E-03
  1.0000E-01  1.2500E+01 -8.6882E-03
  1.0000E-01  1.3000E+01 -8.6506E-03
  1.0000E-01  1.3500E+01 -8.6240E-03
  1.0000E-01  1.4000E+01 -8.6138E-03
  1.0000E-01  1.4500E+01 -8.6334E-03
  1.0000E-01  1.5000E+01 -8.6963E-03
  2.0000E-01  5.0000E-01 -3.9974E-03
  2.0000E-01  1.0000E+00 -7.6318E-03
  2.0000E-01  1.5000E+00 -1.0606E-02
  2.0000E-01  2.0000E+00 -1.2751E-02
  2.0000E-01  2.5000E+00 -1.4057E-02
  2.0000E-01  3.0000E+00 -1.4661E-02
  2.0000E-01  3.5000E+00 -1.4777E-02
  2.0000E-01  4.0000E+00 -1.4608E-02
  2.0000E-01  4.5000E+00 -1.4299E-02
  2.0000E-01  5.0000E+00 -1.3928E-02
  2.0000E-01  5.5000E+00 -1.3530E-02
  2.0000E-01  6.0000E+00 -1.3119E-02
  2.0000E-01  6.5000E+00 -1.2707E-02
  2.0000E-01  7.0000E+00 -1.2308E-02
  2.0000E-01  7.5000E+00 -1.1936E-02
  2.0000E-01  8.0000E+00 -1.1599E-02
  2.0000E-01  8.5000E+00 -1.1299E-02
  2.0000E-01  9.0000E+00 -1.1030E-02
  2.0000E-01  9.5000E+00 -1.0784E-02
  2.0000E-01  1.0000E+01 -1.0560E-02
  2.0000E-01  1.0500E+01 -1.0361E-02
  2.0000E-01  1.1000E+01 -1.0196E-02
  2.0000E-01  1.1500E+01 -1.0070E-02
  2.0000E-01  1.2000E+01 -9.9837E-03
  2.0000E-01  1.2500E+01 -9.9262E-03
  2.0000E-01  1.3000E+01 -9.8874E-03
  2.0000E-01  1.3500E+01 -9.8624E-03
  2.0000E-01  1.4000E+01 -9.8566E-03
  2.0000E-01  1.4500E+01 -9.8834E-03
  2.0000E-01  1.5000E+01 -9.9567E-03
  3.0000E-01  5.0000E-01 -4.3600E-03
  3.0000E-01  1.0000E+00 -8.3252E-03
  3.0000E-01  1.5000E+00 -1.1573E-02
  3.0000E-01  2.0000E+00 -1.3919E-02
  3.0000E-01  2.5000E+00 -1.5353E-02
  3.0000E-01  3.0000E+00 -1.6025E-02
  3.0000E-01  3.5000E+00 -1.6164E-02
  3.0000E-01  4.0000E+00 -1.5992E-02
  3.0000E-01  4.5000E+00 -1.5664E-02
  3.0000E-01  5.0000E+00 -1.5265E-02
  3.0000E-01  5.5000E+00 -1.4835E-02
  3.0000E-01  6.0000E+00 -1.4391E-02
  3.0000E-01  6.5000E+00 -1.3946E-02
  3.0000E-01  7.0000E+00 -1.3514E-02
  3.0000E-01  7.5000E+00 -1.3109E-02
  3.0000E-01  8.0000E+00 -1.2742E-02
  3.0000E-01  8.5000E+00 -1.2414E-02
  3.0000E-01  9.0000E+00 -1.2120E-02
  3.0000E-01  9.5000E+00 -1.1852E-02
  3.0000E-01  1.0000E+01 -1.1608E-02
  3.0000E-01  1.0500E+01 -1.1392E-02
  3.0000E-01  1.1000E+01 -1.1212E-02
  3.0000E-01  1.1500E+01 -1.1074E-02
  3.0000E-01  1.2000E+01 -1.0977E-02
  3.0000E-01  1.2500E+01 -1.0911E-02
  3.0000E-01  1.3000E+01 -1.0867E-02
  3.0000E-01  1.3500E+01 -1.0839E-02
  3.0000E-01  1.4000E+01 -1.0833E-02
  3.0000E-01  1.4500E+01 -1.0862E-02
  3.0000E-01  1.5000E+01 -1.0941E-02
  4.0000E-01  5.0000E-01 -4.6147E-03
  4.0000E-01  1.0000E+00 -8.8114E-03
  4.0000E-01  1.5000E+00 -1.2249E-02
  4.0000E-01  2.0000E+00 -1.4733E-02
  4.0000E-01  2.5000E+00 -1.6254E-02
  4.0000E-01  3.0000E+00 -1.6970E-02
  4.0000E-01  3.5000E+00 -1.7124E-02
  4.0000E-01  4.0000E+00 -1.6946E-02
  4.0000E-01  4.5000E+00 -1.6602E-02
  4.0000E-01  5.0000E+00 -1.6181E-02
  4.0000E-01  5.5000E+00 -1.5726E-02
  4.0000E-01  6.0000E+00 -1.5257E-02
  4.0000E-01  6.5000E+00 -1.4786E-02
  4.0000E-01  7.0000E+00 -1.4329E-02
  4.0000E-01  7.5000E+00 -1.3900E-02
  4.0000E-01  8.0000E+00 -1.3511E-02
  4.0000E-01  8.5000E+00 -1.3162E-02
  4.0000E-01  9.0000E+00 -1.2849E-02
  4.0000E-01  9.5000E+00 -1.2564E-02
  4.0000E-01  1.0000E+01 -1.2306E-02
  4.0000E-01  1.0500E+01 -1.2076E-02
  4.0000E-01  1.1000E+01 -1.1885E-02
  4.0000E-01  1.1500E+01 -1.1736E-02
  4.0000E-01  1.2000E+01 -1.1628E-02
  4.0000E-01  1.2500E+01 -1.1553E-02
  4.0000E-01  1.3000E+01 -1.1501E-02
  4.0000E-01  1.3500E+01 -1.1467E-02
  4.0000E-01  1.4000E+01 -1.1458E-02
  4.0000E-01  1.4500E+01 -1.1486E-02
  4.0000E-01  1.5000E+01 -1.1566E-02
  5.0000E-01  5.0000E-01 -4.7288E-03
  5.0000E-01  1.0000E+00 -9.0280E-03
  5.0000E-01  1.5000E+00 -1.2548E-02
  5.0000E-01  2.0000E+00 -1.5089E-02
  5.0000E-01  2.5000E+00 -1.6644E-02
  5.0000E-01  3.0000E+00 -1.7374E-02
  5.0000E-01  3.5000E+00 -1.7529E-02
  5.0000E-01  4.0000E+00 -1.7346E-02
  5.0000E-01  4.5000E+00 -1.6990E-02
  5.0000E-01  5.0000E+00 -1.6556E-02
  5.0000E-01  5.5000E+00 -1.6087E-02
  5.0000E-01  6.0000E+00 -1.5603E-02
  5.0000E-01  6.5000E+00 -1.5118E-02
  5.0000E-01  7.0000E+00 -1.4648E-02
  5.0000E-01  7.5000E+00 -1.4207E-02
  5.0000E-01  8.0000E+00 -1.3805E-02
  5.0000E-01  8.5000E+00 -1.3445E-02
  5.0000E-01  9.0000E+00 -1.3122E-02
  5.0000E-01  9.5000E+00 -1.2829E-02
  5.0000E-01  1.0000E+01 -1.2563E-02
  5.0000E-01  1.0500E+01 -1.2327E-02
  5.0000E-01  1.1000E+01 -1.2130E-02
  5.0000E-01  1.1500E+01 -1.1976E-02
  5.0000E-01  1.2000E+01 -1.1863E-02
  5.0000E-01  1.2500E+01 -1.1783E-02
  5.0000E-01  1.3000E+01 -1.1726E-02
  5.0000E-01  1.3500E+01 -1.1688E-02
  5.0000E-01  1.4000E+01 -1.1676E-02
  5.0000E-01  1.4500E+01 -1.1701E-02
  5.0000E-01  1.5000E+01 -1.1778E-02
  6.0000E-01  5.0000E-01 -4.6694E-03
  6.0000E-01  1.0000E+00 -8.9128E-03
  6.0000E-01  1.5000E+00 -1.2384E-02
  6.0000E-01  2.0000E+00 -1.4886E-02
  6.0000E-01  2.5000E+00 -1.6414E-02
  6.0000E-01  3.0000E+00 -1.7128E-02
  6.0000E-01  3.5000E+00 -1.7275E-02
  6.0000E-01  4.0000E+00 -1.7089E-02
  6.0000E-01  4.5000E+00 -1.6733E-02
  6.0000E-01  5.0000E+00 -1.6299E-02
  6.0000E-01  5.5000E+00 -1.5831E-02
  6.0000E-01  6.0000E+00 -1.5349E-02
  6.0000E-01  6.5000E+00 -1.4867E-02
  6.0000E-01  7.0000E+00 -1.4400E-02
  6.0000E-01  7.5000E+00 -1.3963E-02
  6.0000E-01  8.0000E+00 -1.3564E-02
  6.0000E-01  8.5000E+00 -1.3205E-02
  6.0000E-01  9.0000E+00 -1.2884E-02
  6.0000E-01  9.5000E+00 -1.2592E-02
  6.0000E-01  1.0000E+01 -1.2328E-02
  6.0000E-01  1.0500E+01 -1.2095E-02
  6.0000E-01  1.1000E+01 -1.1900E-02
  6.0000E-01  1.1500E+01 -1.1747E-02
  6.0000E-01  1.2000E+01 -1.1634E-02
  6.0000E-01  1.2500E+01 -1.1554E-02
  6.0000E-01  1.3000E+01 -1.1497E-02
  6.0000E-01  1.3500E+01 -1.1458E-02
  6.0000E-01  1.4000E+01 -1.1444E-02
  6.0000E-01  1.4500E+01 -1.1466E-02
  6.0000E-01  1.5000E+01 -1.1538E-02
  7.0000E-01  5.0000E-01 -4.4242E-03
  7.0000E-01  1.0000E+00 -8.4430E-03
  7.0000E-01  1.5000E+00 -1.1727E-02
  7.0000E-01  2.0000E+00 -1.4091E-02
  7.0000E-01  2.5000E+00 -1.5530E-02
  7.0000E-01  3.0000E+00 -1.6199E-02
  7.0000E-01  3.5000E+00 -1.6331E-02
  7.0000E-01  4.0000E+00 -1.6148E-02
  7.0000E-01  4.5000E+00 -1.5805E-02
  7.0000E-01  5.0000E+00 -1.5389E-02
  7.0000E-01  5.5000E+00 -1.4941E-02
  7.0000E-01  6.0000E+00 -1.4481E-02
  7.0000E-01  6.5000E+00 -1.4021E-02
  7.0000E-01  7.0000E+00 -1.3576E-02
  7.0000E-01  7.5000E+00 -1.3160E-02
  7.0000E-01  8.0000E+00 -1.2780E-02
  7.0000E-01  8.5000E+00 -1.2438E-02
  7.0000E-01  9.0000E+00 -1.2132E-02
  7.0000E-01  9.5000E+00 -1.1854E-02
  7.0000E-01  1.0000E+01 -1.1602E-02
  7.0000E-01  1.0500E+01 -1.1381E-02
  7.0000E-01  1.1000E+01 -1.1196E-02
  7.0000E-01  1.1500E+01 -1.1051E-02
  7.0000E-01  1.2000E+01 -1.0944E-02
  7.0000E-01  1.2500E+01 -1.0868E-02
  7.0000E-01  1.3000E+01 -1.0815E-02
  7.0000E-01  1.3500E+01 -1.0779E-02
  7.0000E-01  1.4000E+01 -1.0767E-02
  7.0000E-01  1.4500E+01 -1.0789E-02
  7.0000E-01  1.5000E+01 -1.0859E-02
  8.0000E-01  5.0000E-01 -3.9978E-03
  8.0000E-01  1.0000E+00 -7.6281E-03
  8.0000E-01  1.5000E+00 -1.0593E-02
  8.0000E-01  2.0000E+00 -1.2725E-02
  8.0000E-01  2.5000E+00 -1.4020E-02
  8.0000E-01  3.0000E+00 -1.4618E-02
  8.0000E-01  3.5000E+00 -1.4732E-02
  8.0000E-01  4.0000E+00 -1.4562E-02
  8.0000E-01  4.5000E+00 -1.4248E-02
  8.0000E-01  5.0000E+00 -1.3869E-02
  8.0000E-01  5.5000E+00 -1.3461E-02
  8.0000E-01  6.0000E+00 -1.3043E-02
  8.0000E-01  6.5000E+00 -1.2625E-02
  8.0000E-01  7.0000E+00 -1.2222E-02
  8.0000E-01  7.5000E+00 -1.1844E-02
  8.0000E-01  8.0000E+00 -1.1500E-02
  8.0000E-01  8.5000E+00 -1.1191E-02
  8.0000E-01  9.0000E+00 -1.0914E-02
  8.0000E-01  9.5000E+00 -1.0664E-02
  8.0000E-01  1.0000E+01 -1.0439E-02
  8.0000E-01  1.0500E+01 -1.0242E-02
  8.0000E-01  1.1000E+01 -1.0078E-02
  8.0000E-01  1.1500E+01 -9.9515E-03
  8.0000E-01  1.2000E+01 -9.8608E-03
  8.0000E-01  1.2500E+01 -9.7987E-03
  8.0000E-01  1.3000E+01 -9.7572E-03
  8.0000E-01  1.3500E+01 -9.7330E-03
  8.0000E-01  1.4000E+01 -9.7306E-03
  8.0000E-01  1.4500E+01 -9.7612E-03
  8.0000E-01  1.5000E+01 -9.8371E-03
  9.0000E-01  5.0000E-01 -3.4225E-03
  9.0000E-01  1.0000E+00 -6.5303E-03
  9.0000E-01  1.5000E+00 -9.0682E-03
  9.0000E-01  2.0000E+00 -1.0893E-02
  9.0000E-01  2.5000E+00 -1.2000E-02
  9.0000E-01  3.0000E+00 -1.2511E-02
  9.0000E-01  3.5000E+00 -1.2606E-02
  9.0000E-01  4.0000E+00 -1.2458E-02
  9.0000E-01  4.5000E+00 -1.2188E-02
  9.0000E-01  5.0000E+00 -1.1862E-02
  9.0000E-01  5.5000E+00 -1.1513E-02
  9.0000E-01  6.0000E+00 -1.1154E-02
  9.0000E-01  6.5000E+00 -1.0797E-02
  9.0000E-01  7.0000E+00 -1.0452E-02
  9.0000E-01  7.5000E+00 -1.0129E-02
  9.0000E-01  8.0000E+00 -9.8352E-03
  9.0000E-01  8.5000E+00 -9.5727E-03
  9.0000E-01  9.0000E+00 -9.3382E-03
  9.0000E-01  9.5000E+00 -9.1271E-03
  9.0000E-01  1.0000E+01 -8.9379E-03
  9.0000E-01  1.0500E+01 -8.7732E-03
  9.0000E-01  1.1000E+01 -8.6382E-03
  9.0000E-01  1.1500E+01 -8.5364E-03
  9.0000E-01  1.2000E+01 -8.4666E-03
  9.0000E-01  1.2500E+01 -8.4226E-03
  9.0000E-01  1.3000E+01 -8.3975E-03
  9.0000E-01  1.3500E+01 -8.3886E-03
  9.0000E-01  1.4000E+01 -8.4004E-03
  9.0000E-01  1.4500E+01 -8.4433E-03
  9.0000E-01  1.5000E+01 -8.5290E-03
  1.0000E+00  5.0000E-01 -2.7543E-03
  1.0000E+00  1.0000E+00 -5.2562E-03
  1.0000E+00  1.5000E+00 -7.3003E-03
  1.0000E+00  2.0000E+00 -8.7709E-03
  1.0000E+00  2.5000E+00 -9.6643E-03
  1.0000E+00  3.0000E+00 -1.0077E-02
  1.0000E+00  3.5000E+00 -1.0154E-02
  1.0000E+00  4.0000E+00 -1.0035E-02
  1.0000E+00  4.5000E+00 -9.8180E-03
  1.0000E+00  5.0000E+00 -9.5569E-03
  1.0000E+00  5.5000E+00 -9.2770E-03
  1.0000E+00  6.0000E+00 -8.9898E-03
  1.0000E+00  6.5000E+00 -8.7036E-03
  1.0000E+00  7.0000E+00 -8.4270E-03
  1.0000E+00  7.5000E+00 -8.1689E-03
  1.0000E+00  8.0000E+00 -7.9354E-03
  1.0000E+00  8.5000E+00 -7.7279E-03
  1.0000E+00  9.0000E+00 -7.5437E-03
  1.0000E+00  9.5000E+00 -7.3790E-03
  1.0000E+00  1.0000E+01 -7.2326E-03
  1.0000E+00  1.0500E+01 -7.1067E-03
  1.0000E+00  1.1000E+01 -7.0061E-03
  1.0000E+00  1.1500E+01 -6.9343E-03
  1.0000E+00  1.2000E+01 -6.8903E-03
  1.0000E+00  1.2500E+01 -6.8690E-03
  1.0000E+00  1.3000E+01 -6.8645E-03
  1.0000E+00  1.3500E+01 -6.8747E-03
  1.0000E+00  1.4000E+01 -6.9040E-03
  1.0000E+00  1.4500E+01 -6.9628E-03
  1.0000E+00  1.5000E+01 -7.0627E-03
  1.1000E+00  5.0000E-01 -2.0592E-03
  1.1000E+00  1.0000E+00 -3.9309E-03
  1.1000E+00  1.5000E+00 -5.4623E-03
  1.1000E+00  2.0000E+00 -6.5661E-03
  1.1000E+00  2.5000E+00 -7.2386E-03
  1.1000E+00  3.0000E+00 -7.5503E-03
  1.1000E+00  3.5000E+00 -7.6103E-03
  1.1000E+00  4.0000E+00 -7.5232E-03
  1.1000E+00  4.5000E+00 -7.3627E-03
  1.1000E+00  5.0000E+00 -7.1698E-03
  1.1000E+00  5.5000E+00 -6.9630E-03
  1.1000E+00  6.0000E+00 -6.7505E-03
  1.1000E+00  6.5000E+00 -6.5384E-03
  1.1000E+00  7.0000E+00 -6.3332E-03
  1.1000E+00  7.5000E+00 -6.1424E-03
  1.1000E+00  8.0000E+00 -5.9709E-03
  1.1000E+00  8.5000E+00 -5.8201E-03
  1.1000E+00  9.0000E+00 -5.6879E-03
  1.1000E+00  9.5000E+00 -5.5710E-03
  1.1000E+00  1.0000E+01 -5.4683E-03
  1.1000E+00  1.0500E+01 -5.3818E-03
  1.1000E+00  1.1000E+01 -5.3158E-03
  1.1000E+00  1.1500E+01 -5.2733E-03
  1.1000E+00  1.2000E+01 -5.2540E-03
  1.1000E+00  1.2500E+01 -5.2538E-03
  1.1000E+00  1.3000E+01 -5.2682E-03
  1.1000E+00  1.3500E+01 -5.2958E-03
  1.1000E+00  1.4000E+01 -5.3415E-03
  1.1000E+00  1.4500E+01 -5.4154E-03
  1.1000E+00  1.5000E+01 -5.5301E-03
  1.2000E+00  5.0000E-01 -1.4054E-03
  1.2000E+00  1.0000E+00 -2.6841E-03
  1.2000E+00  1.5000E+00 -3.7325E-03
  1.2000E+00  2.0000E+00 -4.4905E-03
  1.2000E+00  2.5000E+00 -4.9541E-03
  1.2000E+00  3.0000E+00 -5.1706E-03
  1.2000E+00  3.5000E+00 -5.2140E-03
  1.2000E+00  4.0000E+00 -5.1564E-03
  1.2000E+00  4.5000E+00 -5.0490E-03
  1.2000E+00  5.0000E+00 -4.9200E-03
  1.2000E+00  5.5000E+00 -4.7817E-03
  1.2000E+00  6.0000E+00 -4.6394E-03
  1.2000E+00  6.5000E+00 -4.4969E-03
  1.2000E+00  7.0000E+00 -4.3590E-03
  1.2000E+00  7.5000E+00 -4.2313E-03
  1.2000E+00  8.0000E+00 -4.1178E-03
  1.2000E+00  8.5000E+00 -4.0197E-03
  1.2000E+00  9.0000E+00 -3.9353E-03
  1.2000E+00  9.5000E+00 -3.8618E-03
  1.2000E+00  1.0000E+01 -3.7985E-03
  1.2000E+00  1.0500E+01 -3.7472E-03
  1.2000E+00  1.1000E+01 -3.7116E-03
  1.2000E+00  1.1500E+01 -3.6948E-03
  1.2000E+00  1.2000E+01 -3.6970E-03
  1.2000E+00  1.2500E+01 -3.7156E-03
  1.2000E+00  1.3000E+01 -3.7472E-03
  1.2000E+00  1.3500E+01 -3.7915E-03
  1.2000E+00  1.4000E+01 -3.8534E-03
  1.2000E+00  1.4500E+01 -3.9434E-03
  1.2000E+00  1.5000E+01 -4.0746E-03
  1.3000E+00  5.0000E-01 -8.5146E-04
  1.3000E+00  1.0000E+00 -1.6273E-03
  1.3000E+00  1.5000E+00 -2.2650E-03
  1.3000E+00  2.0000E+00 -2.7279E-03
  1.3000E+00  2.5000E+00 -3.0125E-03
  1.3000E+00  3.0000E+00 -3.1464E-03
  1.3000E+00  3.5000E+00 -3.1745E-03
  1.3000E+00  4.0000E+00 -3.1408E-03
  1.3000E+00  4.5000E+00 -3.0774E-03
  1.3000E+00  5.0000E+00 -3.0014E-03
  1.3000E+00  5.5000E+00 -2.9201E-03
  1.3000E+00  6.0000E+00 -2.8364E-03
  1.3000E+00  6.5000E+00 -2.7521E-03
  1.3000E+00  7.0000E+00 -2.6705E-03
  1.3000E+00  7.5000E+00 -2.5957E-03
  1.3000E+00  8.0000E+00 -2.5305E-03
  1.3000E+00  8.5000E+00 -2.4760E-03
  1.3000E+00  9.0000E+00 -2.4307E-03
  1.3000E+00  9.5000E+00 -2.3929E-03
  1.3000E+00  1.0000E+01 -2.3616E-03
  1.3000E+00  1.0500E+01 -2.3385E-03
  1.3000E+00  1.1000E+01 -2.3269E-03
  1.3000E+00  1.1500E+01 -2.3296E-03
  1.3000E+00  1.2000E+01 -2.3475E-03
  1.3000E+00  1.2500E+01 -2.3789E-03
  1.3000E+00  1.3000E+01 -2.4221E-03
  1.3000E+00  1.3500E+01 -2.4776E-03
  1.3000E+00  1.4000E+01 -2.5512E-03
  1.3000E+00  1.4500E+01 -2.6542E-03
  1.3000E+00  1.5000E+01 -2.8026E-03
  1.4000E+00  5.0000E-01 -4.3657E-04
  1.4000E+00  1.0000E+00 -8.3507E-04
  1.4000E+00  1.5000E+00 -1.1638E-03
  1.4000E+00  2.0000E+00 -1.4036E-03
  1.4000E+00  2.5000E+00 -1.5519E-03
  1.4000E+00  3.0000E+00 -1.6222E-03
  1.4000E+00  3.5000E+00 -1.6375E-03
  1.4000E+00  4.0000E+00 -1.6209E-03
  1.4000E+00  4.5000E+00 -1.5894E-03
  1.4000E+00  5.0000E+00 -1.5520E-03
  1.4000E+00  5.5000E+00 -1.5123E-03
  1.4000E+00  6.0000E+00 -1.4713E-03
  1.4000E+00  6.5000E+00 -1.4297E-03
  1.4000E+00  7.0000E+00 -1.3895E-03
  1.4000E+00  7.5000E+00 -1.3531E-03
  1.4000E+00  8.0000E+00 -1.3227E-03
  1.4000E+00  8.5000E+00 -1.2989E-03
  1.4000E+00  9.0000E+00 -1.2808E-03
  1.4000E+00  9.5000E+00 -1.2670E-03
  1.4000E+00  1.0000E+01 -1.2571E-03
  1.4000E+00  1.0500E+01 -1.2524E-03
  1.4000E+00  1.1000E+01 -1.2557E-03
  1.4000E+00  1.1500E+01 -1.2696E-03
  1.4000E+00  1.2000E+01 -1.2955E-03
  1.4000E+00  1.2500E+01 -1.3334E-03
  1.4000E+00  1.3000E+01 -1.3830E-03
  1.4000E+00  1.3500E+01 -1.4467E-03
  1.4000E+00  1.4000E+01 -1.5323E-03
  1.4000E+00  1.4500E+01 -1.6551E-03
  1.4000E+00  1.5000E+01 -1.8412E-03
  1.5000E+00  5.0000E-01 -1.7360E-04
  1.5000E+00  1.0000E+00 -3.3244E-04
  1.5000E+00  1.5000E+00 -4.6409E-04
  1.5000E+00  2.0000E+00 -5.6075E-04
  1.5000E+00  2.5000E+00 -6.2099E-04
  1.5000E+00  3.0000E+00 -6.4981E-04
  1.5000E+00  3.5000E+00 -6.5631E-04
  1.5000E+00  4.0000E+00 -6.5005E-04
  1.5000E+00  4.5000E+00 -6.3812E-04
  1.5000E+00  5.0000E+00 -6.2431E-04
  1.5000E+00  5.5000E+00 -6.0985E-04
  1.5000E+00  6.0000E+00 -5.9485E-04
  1.5000E+00  6.5000E+00 -5.7950E-04
  1.5000E+00  7.0000E+00 -5.6465E-04
  1.5000E+00  7.5000E+00 -5.5170E-04
  1.5000E+00  8.0000E+00 -5.4187E-04
  1.5000E+00  8.5000E+00 -5.3561E-04
  1.5000E+00  9.0000E+00 -5.3247E-04
  1.5000E+00  9.5000E+00 -5.3168E-04
  1.5000E+00  1.0000E+01 -5.3304E-04
  1.5000E+00  1.0500E+01 -5.3754E-04
  1.5000E+00  1.1000E+01 -5.4728E-04
  1.5000E+00  1.1500E+01 -5.6472E-04
  1.5000E+00  1.2000E+01 -5.9195E-04
  1.5000E+00  1.2500E+01 -6.3075E-04
  1.5000E+00  1.3000E+01 -6.8416E-04
  1.5000E+00  1.3500E+01 -7.5983E-04
  1.5000E+00  1.4000E+01 -8.7687E-04
  1.5000E+00  1.4500E+01 -1.0834E-03
  1.5000E+00  1.5000E+01 -1.5270E-03
  1.6000E+00  5.0000E-01 -4.4755E-05
  1.6000E+00  1.0000E+00 -8.5855E-05
  1.6000E+00  1.5000E+00 -1.2016E-04
  1.6000E+00  2.0000E+00 -1.4561E-04
  1.6000E+00  2.5000E+00 -1.6165E-04
  1.6000E+00  3.0000E+00 -1.6944E-04
  1.6000E+00  3.5000E+00 -1.7130E-04
  1.6000E+00  4.0000E+00 -1.6984E-04
  1.6000E+00  4.5000E+00 -1.6707E-04
  1.6000E+00  5.0000E+00 -1.6404E-04
  1.6000E+00  5.5000E+00 -1.6100E-04
  1.6000E+00  6.0000E+00 -1.5786E-04
  1.6000E+00  6.5000E+00 -1.5456E-04
  1.6000E+00  7.0000E+00 -1.5142E-04
  1.6000E+00  7.5000E+00 -1.4899E-04
  1.6000E+00  8.0000E+00 -1.4785E-04
  1.6000E+00  8.5000E+00 -1.4827E-04
  1.6000E+00  9.0000E+00 -1.5017E-04
  1.6000E+00  9.5000E+00 -1.5331E-04
  1.6000E+00  1.0000E+01 -1.5777E-04
  1.6000E+00  1.0500E+01 -1.6437E-04
  1.6000E+00  1.1000E+01 -1.7487E-04
  1.6000E+00  1.1500E+01 -1.9216E-04
  1.6000E+00  1.2000E+01 -2.2093E-04
  1.6000E+00  1.2500E+01 -2.7109E-04
  1.6000E+00  1.3000E+01 -3.7323E-04
  1.6000E+00  1.3500E+01 -6.9265E-04
  1.6000E+00  1.4000E+01  9.0982E-03
  1.6000E+00  1.4500E+01  4.8424E-04
  1.6000E+00  1.5000E+01  2.2533E-04
  1.7000E+00  5.0000E-01 -4.6881E-06
  1.7000E+00  1.0000E+00 -9.0215E-06
  1.7000E+00  1.5000E+00 -1.2686E-05
  1.7000E+00  2.0000E+00 -1.5456E-05
  1.7000E+00  2.5000E+00 -1.7246E-05
  1.7000E+00  3.0000E+00 -1.8144E-05
  1.7000E+00  3.5000E+00 -1.8391E-05
  1.7000E+00  4.0000E+00 -1.8286E-05
  1.7000E+00  4.5000E+00 -1.8085E-05
  1.7000E+00  5.0000E+00 -1.7921E-05
  1.7000E+00  5.5000E+00 -1.7815E-05
  1.7000E+00  6.0000E+00 -1.7723E-05
  1.7000E+00  6.5000E+00 -1.7622E-05
  1.7000E+00  7.0000E+00 -1.7563E-05
  1.7000E+00  7.5000E+00 -1.7685E-05
  1.7000E+00  8.0000E+00 -1.8173E-05
  1.7000E+00  8.5000E+00 -1.9203E-05
  1.7000E+00  9.0000E+00 -2.0949E-05
  1.7000E+00  9.5000E+00 -2.3727E-05
  1.7000E+00  1.0000E+01 -2.8446E-05
  1.7000E+00  1.0500E+01 -3.8256E-05
  1.7000E+00  1.1000E+01 -7.0205E-05
  1.7000E+00  1.1500E+01  8.6133E-04
  1.7000E+00  1.2000E+01  4.8901E-05
  1.7000E+00  1.2500E+01  2.2310E-05
  1.7000E+00  1.3000E+01  1.2814E-05
  1.7000E+00  1.3500E+01  7.8007E-06
  1.7000E+00  1.4000E+01  4.7787E-06
  1.7000E+00  1.4500E+01  2.9562E-06
  1.7000E+00  1.5000E+01  1.9358E-06
  1.8000E+00  5.0000E-01 -2.1662E-08
  1.8000E+00  1.0000E+00 -4.2068E-08
  1.8000E+00  1.5000E+00 -6.0022E-08
  1.8000E+00  2.0000E+00 -7.4494E-08
  1.8000E+00  2.5000E+00 -8.4804E-08
  1.8000E+00  3.0000E+00 -9.0916E-08
  1.8000E+00  3.5000E+00 -9.3739E-08
  1.8000E+00  4.0000E+00 -9.5156E-08
  1.8000E+00  4.5000E+00 -9.7534E-08
  1.8000E+00  5.0000E+00 -1.0300E-07
  1.8000E+00  5.5000E+00 -1.1330E-07
  1.8000E+00  6.0000E+00 -1.3114E-07
  1.8000E+00  6.5000E+00 -1.6582E-07
  1.8000E+00  7.0000E+00 -2.6999E-07
  1.8000E+00  7.5000E+00  6.1664E-05
  1.8000E+00  8.0000E+00  1.6993E-07
  1.8000E+00  8.5000E+00  6.9316E-08
  1.8000E+00  9.0000E+00  3.6941E-08
  1.8000E+00  9.5000E+00  1.9716E-08
  1.8000E+00  1.0000E+01  8.2268E-09
  1.8000E+00  1.0500E+01  5.1164E-10
  1.8000E+00  1.1000E+01 -3.8257E-09
  1.8000E+00  1.1500E+01 -5.3924E-09
  1.8000E+00  1.2000E+01 -5.4601E-09
  1.8000E+00  1.2500E+01 -5.5661E-09
  1.8000E+00  1.3000E+01 -6.6949E-09
  1.8000E+00  1.3500E+01 -8.7827E-09
  1.8000E+00  1.4000E+01 -1.0955E-08
  1.8000E+00  1.4500E+01 -1.2206E-08
  1.8000E+00  1.5000E+01 -1.2016E-08
