 -1.8000E+00  5.0000E-01 -5.5985E-04
 -1.8000E+00  1.0000E+00 -1.0458E-03
 -1.8000E+00  1.5000E+00 -1.3698E-03
 -1.8000E+00  2.0000E+00 -1.4498E-03
 -1.8000E+00  2.5000E+00 -1.2599E-03
 -1.8000E+00  3.0000E+00 -8.5684E-04
 -1.8000E+00  3.5000E+00 -3.4837E-04
 -1.8000E+00  4.0000E+00  1.6008E-04
 -1.8000E+00  4.5000E+00  5.9506E-04
 -1.8000E+00  5.0000E+00  9.1894E-04
 -1.8000E+00  5.5000E+00  1.1244E-03
 -1.8000E+00  6.0000E+00  1.2279E-03
 -1.8000E+00  6.5000E+00  1.2615E-03
 -1.8000E+00  7.0000E+00  1.2626E-03
 -1.8000E+00  7.5000E+00  1.2629E-03
 -1.8000E+00  8.0000E+00  1.2813E-03
 -1.8000E+00  8.5000E+00  1.3231E-03
 -1.8000E+00  9.0000E+00  1.3837E-03
 -1.8000E+00  9.5000E+00  1.4538E-03
 -1.8000E+00  1.0000E+01  1.5247E-03
 -1.8000E+00  1.0500E+01  1.5905E-03
 -1.8000E+00  1.1000E+01  1.6487E-03
 -1.8000E+00  1.1500E+01  1.6997E-03
 -1.8000E+00  1.2000E+01  1.7457E-03
 -1.8000E+00  1.2500E+01  1.7888E-03
 -1.8000E+00  1.3000E+01  1.8310E-03
 -1.8000E+00  1.3500E+01  1.8721E-03
 -1.8000E+00  1.4000E+01  1.9092E-03
 -1.8000E+00  1.4500E+01  1.9358E-03
 -1.8000E+00  1.5000E+01  1.9414E-03
 -1.7000E+00  5.0000E-01 -6.3641E-05
 -1.7000E+00  1.0000E+00 -1.3249E-04
 -1.7000E+00  1.5000E+00 -2.1063E-04
 -1.7000E+00  2.0000E+00 -2.9904E-04
 -1.7000E+00  2.5000E+00 -3.9273E-04
 -1.7000E+00  3.0000E+00 -4.7850E-04
 -1.7000E+00  3.5000E+00 -5.3746E-04
 -1.7000E+00  4.0000E+00 -5.5485E-04
 -1.7000E+00  4.5000E+00 -5.3273E-04
 -1.7000E+00  5.0000E+00 -4.9543E-04
 -1.7000E+00  5.5000E+00 -4.8342E-04
 -1.7000E+00  6.0000E+00 -5.3912E-04
 -1.7000E+00  6.5000E+00 -6.8752E-04
 -1.7000E+00  7.0000E+00 -9.1379E-04
 -1.7000E+00  7.5000E+00 -1.1488E-03
 -1.7000E+00  8.0000E+00 -1.2793E-03
 -1.7000E+00  8.5000E+00 -1.1593E-03
 -1.7000E+00  9.0000E+00 -4.0725E-04
 -1.7000E+00  9.5000E+00 -1.8783E-02
 -1.7000E+00  1.0000E+01 -2.1432E-03
 -1.7000E+00  1.0500E+01 -1.1002E-03
 -1.7000E+00  1.1000E+01 -3.5776E-04
 -1.7000E+00  1.1500E+01  2.8023E-04
 -1.7000E+00  1.2000E+01  7.9251E-04
 -1.7000E+00  1.2500E+01  1.1201E-03
 -1.7000E+00  1.3000E+01  1.2110E-03
 -1.7000E+00  1.3500E+01  1.0453E-03
 -1.7000E+00  1.4000E+01  6.4948E-04
 -1.7000E+00  1.4500E+01  1.0310E-04
 -1.7000E+00  1.5000E+01 -4.6665E-04
 -1.6000E+00  5.0000E-01  5.4958E-06
 -1.6000E+00  1.0000E+00  1.0075E-05
 -1.6000E+00  1.5000E+00  1.3021E-05
 -1.6000E+00  2.0000E+00  1.4044E-05
 -1.6000E+00  2.5000E+00  1.3490E-05
 -1.6000E+00  3.0000E+00  1.2337E-05
 -1.6000E+00  3.5000E+00  1.1776E-05
 -1.6000E+00  4.0000E+00  1.2479E-05
 -1.6000E+00  4.5000E+00  1.4096E-05
 -1.6000E+00  5.0000E+00  1.5545E-05
 -1.6000E+00  5.5000E+00  1.6074E-05
 -1.6000E+00  6.0000E+00  1.6526E-05
 -1.6000E+00  6.5000E+00  2.0052E-05
 -1.6000E+00  7.0000E+00  3.1621E-05
 -1.6000E+00  7.5000E+00  5.6201E-05
 -1.6000E+00  8.0000E+00  9.6516E-05
 -1.6000E+00  8.5000E+00  1.5198E-04
 -1.6000E+00  9.0000E+00  2.1973E-04
 -1.6000E+00  9.5000E+00  2.9774E-04
 -1.6000E+00  1.0000E+01  3.9071E-04
 -1.6000E+00  1.0500E+01  5.2703E-04
 -1.6000E+00  1.1000E+01  8.6416E-04
 -1.6000E+00  1.1500E+01  1.9872E-02
 -1.6000E+00  1.2000E+01 -4.9406E-04
 -1.6000E+00  1.2500E+01 -1.3978E-04
 -1.6000E+00  1.3000E+01 -2.9417E-05
 -1.6000E+00  1.3500E+01  1.8013E-05
 -1.6000E+00  1.4000E+01  3.5652E-05
 -1.6000E+00  1.4500E+01  3.4205E-05
 -1.6000E+00  1.5000E+01  2.0450E-05
 -1.5000E+00  5.0000E-01  5.0766E-05
 -1.5000E+00  1.0000E+00  9.8149E-05
 -1.5000E+00  1.5000E+00  1.3911E-04
 -1.5000E+00  2.0000E+00  1.7140E-04
 -1.5000E+00  2.5000E+00  1.9399E-04
 -1.5000E+00  3.0000E+00  2.0752E-04
 -1.5000E+00  3.5000E+00  2.1426E-04
 -1.5000E+00  4.0000E+00  2.1749E-04
 -1.5000E+00  4.5000E+00  2.2040E-04
 -1.5000E+00  5.0000E+00  2.2498E-04
 -1.5000E+00  5.5000E+00  2.3115E-04
 -1.5000E+00  6.0000E+00  2.3675E-04
 -1.5000E+00  6.5000E+00  2.3854E-04
 -1.5000E+00  7.0000E+00  2.3401E-04
 -1.5000E+00  7.5000E+00  2.2363E-04
 -1.5000E+00  8.0000E+00  2.1185E-04
 -1.5000E+00  8.5000E+00  2.0632E-04
 -1.5000E+00  9.0000E+00  2.1516E-04
 -1.5000E+00  9.5000E+00  2.4359E-04
 -1.5000E+00  1.0000E+01  2.9107E-04
 -1.5000E+00  1.0500E+01  3.5029E-04
 -1.5000E+00  1.1000E+01  4.0916E-04
 -1.5000E+00  1.1500E+01  4.5665E-04
 -1.5000E+00  1.2000E+01  4.9297E-04
 -1.5000E+00  1.2500E+01  5.5643E-04
 -1.5000E+00  1.3000E+01  1.0632E-03
 -1.5000E+00  1.3500E+01 -4.9018E-04
 -1.5000E+00  1.4000E+01 -1.5996E-04
 -1.5000E+00  1.4500E+01 -1.4286E-04
 -1.5000E+00  1.5000E+01 -1.5714E-04
 -1.4000E+00  5.0000E-01  1.2058E-04
 -1.4000E+00  1.0000E+00  2.3176E-04
 -1.4000E+00  1.5000E+00  3.2541E-04
 -1.4000E+00  2.0000E+00  3.9599E-04
 -1.4000E+00  2.5000E+00  4.4178E-04
 -1.4000E+00  3.0000E+00  4.6523E-04
 -1.4000E+00  3.5000E+00  4.7195E-04
 -1.4000E+00  4.0000E+00  4.6854E-04
 -1.4000E+00  4.5000E+00  4.6056E-04
 -1.4000E+00  5.0000E+00  4.5159E-04
 -1.4000E+00  5.5000E+00  4.4350E-04
 -1.4000E+00  6.0000E+00  4.3708E-04
 -1.4000E+00  6.5000E+00  4.3264E-04
 -1.4000E+00  7.0000E+00  4.3015E-04
 -1.4000E+00  7.5000E+00  4.2908E-04
 -1.4000E+00  8.0000E+00  4.2817E-04
 -1.4000E+00  8.5000E+00  4.2572E-04
 -1.4000E+00  9.0000E+00  4.2060E-04
 -1.4000E+00  9.5000E+00  4.1375E-04
 -1.4000E+00  1.0000E+01  4.0962E-04
 -1.4000E+00  1.0500E+01  4.1644E-04
 -1.4000E+00  1.1000E+01  4.4502E-04
 -1.4000E+00  1.1500E+01  5.0634E-04
 -1.4000E+00  1.2000E+01  6.1005E-04
 -1.4000E+00  1.2500E+01  7.6679E-04
 -1.4000E+00  1.3000E+01  9.9916E-04
 -1.4000E+00  1.3500E+01  1.3803E-03
 -1.4000E+00  1.4000E+01  2.2441E-03
 -1.4000E+00  1.4500E+01  9.0881E-03
 -1.4000E+00  1.5000E+01 -2.5953E-03
 -1.3000E+00  5.0000E-01  2.2861E-04
 -1.3000E+00  1.0000E+00  4.3732E-04
 -1.3000E+00  1.5000E+00  6.0918E-04
 -1.3000E+00  2.0000E+00  7.3333E-04
 -1.3000E+00  2.5000E+00  8.0756E-04
 -1.3000E+00  3.0000E+00  8.3883E-04
 -1.3000E+00  3.5000E+00  8.4030E-04
 -1.3000E+00  4.0000E+00  8.2615E-04
 -1.3000E+00  4.5000E+00  8.0690E-04
 -1.3000E+00  5.0000E+00  7.8778E-04
 -1.3000E+00  5.5000E+00  7.6978E-04
 -1.3000E+00  6.0000E+00  7.5187E-04
 -1.3000E+00  6.5000E+00  7.3317E-04
 -1.3000E+00  7.0000E+00  7.1408E-04
 -1.3000E+00  7.5000E+00  6.9611E-04
 -1.3000E+00  8.0000E+00  6.8080E-04
 -1.3000E+00  8.5000E+00  6.6864E-04
 -1.3000E+00  9.0000E+00  6.5900E-04
 -1.3000E+00  9.5000E+00  6.5107E-04
 -1.3000E+00  1.0000E+01  6.4535E-04
 -1.3000E+00  1.0500E+01  6.4439E-04
 -1.3000E+00  1.1000E+01  6.5227E-04
 -1.3000E+00  1.1500E+01  6.7278E-04
 -1.3000E+00  1.2000E+01  7.0764E-04
 -1.3000E+00  1.2500E+01  7.5622E-04
 -1.3000E+00  1.3000E+01  8.1752E-04
 -1.3000E+00  1.3500E+01  8.9439E-04
 -1.3000E+00  1.4000E+01  1.0006E-03
 -1.3000E+00  1.4500E+01  1.1767E-03
 -1.3000E+00  1.5000E+01  1.5501E-03
 -1.2000E+00  5.0000E-01  3.7367E-04
 -1.2000E+00  1.0000E+00  7.1356E-04
 -1.2000E+00  1.5000E+00  9.9119E-04
 -1.2000E+00  2.0000E+00  1.1888E-03
 -1.2000E+00  2.5000E+00  1.3037E-03
 -1.2000E+00  3.0000E+00  1.3481E-03
 -1.2000E+00  3.5000E+00  1.3442E-03
 -1.2000E+00  4.0000E+00  1.3149E-03
 -1.2000E+00  4.5000E+00  1.2767E-03
 -1.2000E+00  5.0000E+00  1.2373E-03
 -1.2000E+00  5.5000E+00  1.1982E-03
 -1.2000E+00  6.0000E+00  1.1580E-03
 -1.2000E+00  6.5000E+00  1.1162E-03
 -1.2000E+00  7.0000E+00  1.0743E-03
 -1.2000E+00  7.5000E+00  1.0356E-03
 -1.2000E+00  8.0000E+00  1.0031E-03
 -1.2000E+00  8.5000E+00  9.7763E-04
 -1.2000E+00  9.0000E+00  9.5756E-04
 -1.2000E+00  9.5000E+00  9.4030E-04
 -1.2000E+00  1.0000E+01  9.2438E-04
 -1.2000E+00  1.0500E+01  9.1090E-04
 -1.2000E+00  1.1000E+01  9.0319E-04
 -1.2000E+00  1.1500E+01  9.0504E-04
 -1.2000E+00  1.2000E+01  9.1882E-04
 -1.2000E+00  1.2500E+01  9.4528E-04
 -1.2000E+00  1.3000E+01  9.8569E-04
 -1.2000E+00  1.3500E+01  1.0455E-03
 -1.2000E+00  1.4000E+01  1.1378E-03
 -1.2000E+00  1.4500E+01  1.2869E-03
 -1.2000E+00  1.5000E+01  1.5326E-03
 -1.1000E+00  5.0000E-01  5.4938E-04
 -1.1000E+00  1.0000E+00  1.0481E-03
 -1.1000E+00  1.5000E+00  1.4537E-03
 -1.1000E+00  2.0000E+00  1.7404E-03
 -1.1000E+00  2.5000E+00  1.9051E-03
 -1.1000E+00  3.0000E+00  1.9670E-03
 -1.1000E+00  3.5000E+00  1.9588E-03
 -1.1000E+00  4.0000E+00  1.9134E-03
 -1.1000E+00  4.5000E+00  1.8542E-03
 -1.1000E+00  5.0000E+00  1.7921E-03
 -1.1000E+00  5.5000E+00  1.7297E-03
 -1.1000E+00  6.0000E+00  1.6665E-03
 -1.1000E+00  6.5000E+00  1.6029E-03
 -1.1000E+00  7.0000E+00  1.5419E-03
 -1.1000E+00  7.5000E+00  1.4878E-03
 -1.1000E+00  8.0000E+00  1.4435E-03
 -1.1000E+00  8.5000E+00  1.4088E-03
 -1.1000E+00  9.0000E+00  1.3804E-03
 -1.1000E+00  9.5000E+00  1.3546E-03
 -1.1000E+00  1.0000E+01  1.3303E-03
 -1.1000E+00  1.0500E+01  1.3101E-03
 -1.1000E+00  1.1000E+01  1.2989E-03
 -1.1000E+00  1.1500E+01  1.3005E-03
 -1.1000E+00  1.2000E+01  1.3147E-03
 -1.1000E+00  1.2500E+01  1.3368E-03
 -1.1000E+00  1.3000E+01  1.3611E-03
 -1.1000E+00  1.3500E+01  1.3856E-03
 -1.1000E+00  1.4000E+01  1.4165E-03
 -1.1000E+00  1.4500E+01  1.4689E-03
 -1.1000E+00  1.5000E+01  1.5648E-03
 -1.0000E+00  5.0000E-01  7.4557E-04
 -1.0000E+00  1.0000E+00  1.4219E-03
 -1.0000E+00  1.5000E+00  1.9714E-03
 -1.0000E+00  2.0000E+00  2.3597E-03
 -1.0000E+00  2.5000E+00  2.5833E-03
 -1.0000E+00  3.0000E+00  2.6686E-03
 -1.0000E+00  3.5000E+00  2.6597E-03
 -1.0000E+00  4.0000E+00  2.6004E-03
 -1.0000E+00  4.5000E+00  2.5214E-03
 -1.0000E+00  5.0000E+00  2.4379E-03
 -1.0000E+00  5.5000E+00  2.3539E-03
 -1.0000E+00  6.0000E+00  2.2694E-03
 -1.0000E+00  6.5000E+00  2.1850E-03
 -1.0000E+00  7.0000E+00  2.1038E-03
 -1.0000E+00  7.5000E+00  2.0303E-03
 -1.0000E+00  8.0000E+00  1.9674E-03
 -1.0000E+00  8.5000E+00  1.9148E-03
 -1.0000E+00  9.0000E+00  1.8688E-03
 -1.0000E+00  9.5000E+00  1.8257E-03
 -1.0000E+00  1.0000E+01  1.7846E-03
 -1.0000E+00  1.0500E+01  1.7486E-03
 -1.0000E+00  1.1000E+01  1.7231E-03
 -1.0000E+00  1.1500E+01  1.7126E-03
 -1.0000E+00  1.2000E+01  1.7169E-03
 -1.0000E+00  1.2500E+01  1.7314E-03
 -1.0000E+00  1.3000E+01  1.7501E-03
 -1.0000E+00  1.3500E+01  1.7708E-03
 -1.0000E+00  1.4000E+01  1.7984E-03
 -1.0000E+00  1.4500E+01  1.8450E-03
 -1.0000E+00  1.5000E+01  1.9263E-03
 -9.0000E-01  5.0000E-01  9.5464E-04
 -9.0000E-01  1.0000E+00  1.8208E-03
 -9.0000E-01  1.5000E+00  2.5253E-03
 -9.0000E-01  2.0000E+00  3.0250E-03
 -9.0000E-01  2.5000E+00  3.3161E-03
 -9.0000E-01  3.0000E+00  3.4324E-03
 -9.0000E-01  3.5000E+00  3.4291E-03
 -9.0000E-01  4.0000E+00  3.3603E-03
 -9.0000E-01  4.5000E+00  3.2638E-03
 -9.0000E-01  5.0000E+00  3.1589E-03
 -9.0000E-01  5.5000E+00  3.0519E-03
 -9.0000E-01  6.0000E+00  2.9438E-03
 -9.0000E-01  6.5000E+00  2.8360E-03
 -9.0000E-01  7.0000E+00  2.7324E-03
 -9.0000E-01  7.5000E+00  2.6382E-03
 -9.0000E-01  8.0000E+00  2.5566E-03
 -9.0000E-01  8.5000E+00  2.4874E-03
 -9.0000E-01  9.0000E+00  2.4271E-03
 -9.0000E-01  9.5000E+00  2.3719E-03
 -9.0000E-01  1.0000E+01  2.3206E-03
 -9.0000E-01  1.0500E+01  2.2762E-03
 -9.0000E-01  1.1000E+01  2.2441E-03
 -9.0000E-01  1.1500E+01  2.2280E-03
 -9.0000E-01  1.2000E+01  2.2276E-03
 -9.0000E-01  1.2500E+01  2.2381E-03
 -9.0000E-01  1.3000E+01  2.2533E-03
 -9.0000E-01  1.3500E+01  2.2706E-03
 -9.0000E-01  1.4000E+01  2.2938E-03
 -9.0000E-01  1.4500E+01  2.3329E-03
 -9.0000E-01  1.5000E+01  2.3994E-03
 -8.0000E-01  5.0000E-01  1.1741E-03
 -8.0000E-01  1.0000E+00  2.2400E-03
 -8.0000E-01  1.5000E+00  3.1088E-03
 -8.0000E-01  2.0000E+00  3.7283E-03
 -8.0000E-01  2.5000E+00  4.0947E-03
 -8.0000E-01  3.0000E+00  4.2490E-03
 -8.0000E-01  3.5000E+00  4.2570E-03
 -8.0000E-01  4.0000E+00  4.1830E-03
 -8.0000E-01  4.5000E+00  4.0722E-03
 -8.0000E-01  5.0000E+00  3.9482E-03
 -8.0000E-01  5.5000E+00  3.8198E-03
 -8.0000E-01  6.0000E+00  3.6895E-03
 -8.0000E-01  6.5000E+00  3.5595E-03
 -8.0000E-01  7.0000E+00  3.4343E-03
 -8.0000E-01  7.5000E+00  3.3192E-03
 -8.0000E-01  8.0000E+00  3.2177E-03
 -8.0000E-01  8.5000E+00  3.1300E-03
 -8.0000E-01  9.0000E+00  3.0530E-03
 -8.0000E-01  9.5000E+00  2.9830E-03
 -8.0000E-01  1.0000E+01  2.9187E-03
 -8.0000E-01  1.0500E+01  2.8627E-03
 -8.0000E-01  1.1000E+01  2.8195E-03
 -8.0000E-01  1.1500E+01  2.7928E-03
 -8.0000E-01  1.2000E+01  2.7819E-03
 -8.0000E-01  1.2500E+01  2.7828E-03
 -8.0000E-01  1.3000E+01  2.7905E-03
 -8.0000E-01  1.3500E+01  2.8029E-03
 -8.0000E-01  1.4000E+01  2.8242E-03
 -8.0000E-01  1.4500E+01  2.8631E-03
 -8.0000E-01  1.5000E+01  2.9296E-03
 -7.0000E-01  5.0000E-01  1.4061E-03
 -7.0000E-01  1.0000E+00  2.6838E-03
 -7.0000E-01  1.5000E+00  3.7276E-03
 -7.0000E-01  2.0000E+00  4.4764E-03
 -7.0000E-01  2.5000E+00  4.9261E-03
 -7.0000E-01  3.0000E+00  5.1249E-03
 -7.0000E-01  3.5000E+00  5.1493E-03
 -7.0000E-01  4.0000E+00  5.0734E-03
 -7.0000E-01  4.5000E+00  4.9497E-03
 -7.0000E-01  5.0000E+00  4.8065E-03
 -7.0000E-01  5.5000E+00  4.6556E-03
 -7.0000E-01  6.0000E+00  4.5017E-03
 -7.0000E-01  6.5000E+00  4.3483E-03
 -7.0000E-01  7.0000E+00  4.2002E-03
 -7.0000E-01  7.5000E+00  4.0633E-03
 -7.0000E-01  8.0000E+00  3.9414E-03
 -7.0000E-01  8.5000E+00  3.8348E-03
 -7.0000E-01  9.0000E+00  3.7408E-03
 -7.0000E-01  9.5000E+00  3.6560E-03
 -7.0000E-01  1.0000E+01  3.5792E-03
 -7.0000E-01  1.0500E+01  3.5121E-03
 -7.0000E-01  1.1000E+01  3.4588E-03
 -7.0000E-01  1.1500E+01  3.4222E-03
 -7.0000E-01  1.2000E+01  3.4019E-03
 -7.0000E-01  1.2500E+01  3.3945E-03
 -7.0000E-01  1.3000E+01  3.3956E-03
 -7.0000E-01  1.3500E+01  3.4037E-03
 -7.0000E-01  1.4000E+01  3.4219E-03
 -7.0000E-01  1.4500E+01  3.4573E-03
 -7.0000E-01  1.5000E+01  3.5174E-03
 -6.0000E-01  5.0000E-01  1.6597E-03
 -6.0000E-01  1.0000E+00  3.1689E-03
 -6.0000E-01  1.5000E+00  4.4042E-03
 -6.0000E-01  2.0000E+00  5.2947E-03
 -6.0000E-01  2.5000E+00  5.8361E-03
 -6.0000E-01  3.0000E+00  6.0846E-03
 -6.0000E-01  3.5000E+00  6.1282E-03
 -6.0000E-01  4.0000E+00  6.0519E-03
 -6.0000E-01  4.5000E+00  5.9160E-03
 -6.0000E-01  5.0000E+00  5.7540E-03
 -6.0000E-01  5.5000E+00  5.5811E-03
 -6.0000E-01  6.0000E+00  5.4039E-03
 -6.0000E-01  6.5000E+00  5.2272E-03
 -6.0000E-01  7.0000E+00  5.0563E-03
 -6.0000E-01  7.5000E+00  4.8969E-03
 -6.0000E-01  8.0000E+00  4.7530E-03
 -6.0000E-01  8.5000E+00  4.6253E-03
 -6.0000E-01  9.0000E+00  4.5116E-03
 -6.0000E-01  9.5000E+00  4.4089E-03
 -6.0000E-01  1.0000E+01  4.3161E-03
 -6.0000E-01  1.0500E+01  4.2348E-03
 -6.0000E-01  1.1000E+01  4.1680E-03
 -6.0000E-01  1.1500E+01  4.1182E-03
 -6.0000E-01  1.2000E+01  4.0848E-03
 -6.0000E-01  1.2500E+01  4.0642E-03
 -6.0000E-01  1.3000E+01  4.0523E-03
 -6.0000E-01  1.3500E+01  4.0478E-03
 -6.0000E-01  1.4000E+01  4.0533E-03
 -6.0000E-01  1.4500E+01  4.0752E-03
 -6.0000E-01  1.5000E+01  4.1206E-03
 -5.0000E-01  5.0000E-01  1.9509E-03
 -5.0000E-01  1.0000E+00  3.7254E-03
 -5.0000E-01  1.5000E+00  5.1795E-03
 -5.0000E-01  2.0000E+00  6.2309E-03
 -5.0000E-01  2.5000E+00  6.8752E-03
 -5.0000E-01  3.0000E+00  7.1782E-03
 -5.0000E-01  3.5000E+00  7.2415E-03
 -5.0000E-01  4.0000E+00  7.1628E-03
 -5.0000E-01  4.5000E+00  7.0115E-03
 -5.0000E-01  5.0000E+00  6.8268E-03
 -5.0000E-01  5.5000E+00  6.6275E-03
 -5.0000E-01  6.0000E+00  6.4225E-03
 -5.0000E-01  6.5000E+00  6.2178E-03
 -5.0000E-01  7.0000E+00  6.0196E-03
 -5.0000E-01  7.5000E+00  5.8338E-03
 -5.0000E-01  8.0000E+00  5.6645E-03
 -5.0000E-01  8.5000E+00  5.5127E-03
 -5.0000E-01  9.0000E+00  5.3766E-03
 -5.0000E-01  9.5000E+00  5.2536E-03
 -5.0000E-01  1.0000E+01  5.1425E-03
 -5.0000E-01  1.0500E+01  5.0448E-03
 -5.0000E-01  1.1000E+01  4.9634E-03
 -5.0000E-01  1.1500E+01  4.9004E-03
 -5.0000E-01  1.2000E+01  4.8554E-03
 -5.0000E-01  1.2500E+01  4.8251E-03
 -5.0000E-01  1.3000E+01  4.8058E-03
 -5.0000E-01  1.3500E+01  4.7957E-03
 -5.0000E-01  1.4000E+01  4.7972E-03
 -5.0000E-01  1.4500E+01  4.8153E-03
 -5.0000E-01  1.5000E+01  4.8560E-03
 -4.0000E-01  5.0000E-01  2.2950E-03
 -4.0000E-01  1.0000E+00  4.3821E-03
 -4.0000E-01  1.5000E+00  6.0924E-03
 -4.0000E-01  2.0000E+00  7.3298E-03
 -4.0000E-01  2.5000E+00  8.0903E-03
 -4.0000E-01  3.0000E+00  8.4513E-03
 -4.0000E-01  3.5000E+00  8.5319E-03
 -4.0000E-01  4.0000E+00  8.4454E-03
 -4.0000E-01  4.5000E+00  8.2725E-03
 -4.0000E-01  5.0000E+00  8.0589E-03
 -4.0000E-01  5.5000E+00  7.8272E-03
 -4.0000E-01  6.0000E+00  7.5883E-03
 -4.0000E-01  6.5000E+00  7.3494E-03
 -4.0000E-01  7.0000E+00  7.1176E-03
 -4.0000E-01  7.5000E+00  6.8993E-03
 -4.0000E-01  8.0000E+00  6.6991E-03
 -4.0000E-01  8.5000E+00  6.5184E-03
 -4.0000E-01  9.0000E+00  6.3558E-03
 -4.0000E-01  9.5000E+00  6.2088E-03
 -4.0000E-01  1.0000E+01  6.0764E-03
 -4.0000E-01  1.0500E+01  5.9597E-03
 -4.0000E-01  1.1000E+01  5.8613E-03
 -4.0000E-01  1.1500E+01  5.7829E-03
 -4.0000E-01  1.2000E+01  5.7238E-03
 -4.0000E-01  1.2500E+01  5.6806E-03
 -4.0000E-01  1.3000E+01  5.6495E-03
 -4.0000E-01  1.3500E+01  5.6289E-03
 -4.0000E-01  1.4000E+01  5.6207E-03
 -4.0000E-01  1.4500E+01  5.6301E-03
 -4.0000E-01  1.5000E+01  5.6628E-03
 -3.0000E-01  5.0000E-01  2.7115E-03
 -3.0000E-01  1.0000E+00  5.1760E-03
 -3.0000E-01  1.5000E+00  7.1931E-03
 -3.0000E-01  2.0000E+00  8.6499E-03
 -3.0000E-01  2.5000E+00  9.5429E-03
 -3.0000E-01  3.0000E+00  9.9652E-03
 -3.0000E-01  3.5000E+00  1.0058E-02
 -3.0000E-01  4.0000E+00  9.9549E-03
 -3.0000E-01  4.5000E+00  9.7506E-03
 -3.0000E-01  5.0000E+00  9.4985E-03
 -3.0000E-01  5.5000E+00  9.2250E-03
 -3.0000E-01  6.0000E+00  8.9430E-03
 -3.0000E-01  6.5000E+00  8.6611E-03
 -3.0000E-01  7.0000E+00  8.3871E-03
 -3.0000E-01  7.5000E+00  8.1285E-03
 -3.0000E-01  8.0000E+00  7.8906E-03
 -3.0000E-01  8.5000E+00  7.6749E-03
 -3.0000E-01  9.0000E+00  7.4799E-03
 -3.0000E-01  9.5000E+00  7.3030E-03
 -3.0000E-01  1.0000E+01  7.1432E-03
 -3.0000E-01  1.0500E+01  7.0017E-03
 -3.0000E-01  1.1000E+01  6.8814E-03
 -3.0000E-01  1.1500E+01  6.7841E-03
 -3.0000E-01  1.2000E+01  6.7086E-03
 -3.0000E-01  1.2500E+01  6.6512E-03
 -3.0000E-01  1.3000E+01  6.6075E-03
 -3.0000E-01  1.3500E+01  6.5754E-03
 -3.0000E-01  1.4000E+01  6.5572E-03
 -3.0000E-01  1.4500E+01  6.5583E-03
 -3.0000E-01  1.5000E+01  6.5846E-03
 -2.0000E-01  5.0000E-01  3.2054E-03
 -2.0000E-01  1.0000E+00  6.1164E-03
 -2.0000E-01  1.5000E+00  8.4945E-03
 -2.0000E-01  2.0000E+00  1.0206E-02
 -2.0000E-01  2.5000E+00  1.1249E-02
 -2.0000E-01  3.0000E+00  1.1736E-02
 -2.0000E-01  3.5000E+00  1.1835E-02
 -2.0000E-01  4.0000E+00  1.1705E-02
 -2.0000E-01  4.5000E+00  1.1458E-02
 -2.0000E-01  5.0000E+00  1.1156E-02
 -2.0000E-01  5.5000E+00  1.0830E-02
 -2.0000E-01  6.0000E+00  1.0495E-02
 -2.0000E-01  6.5000E+00  1.0159E-02
 -2.0000E-01  7.0000E+00  9.8340E-03
 -2.0000E-01  7.5000E+00  9.5276E-03
 -2.0000E-01  8.0000E+00  9.2461E-03
 -2.0000E-01  8.5000E+00  8.9910E-03
 -2.0000E-01  9.0000E+00  8.7599E-03
 -2.0000E-01  9.5000E+00  8.5495E-03
 -2.0000E-01  1.0000E+01  8.3582E-03
 -2.0000E-01  1.0500E+01  8.1877E-03
 -2.0000E-01  1.1000E+01  8.0417E-03
 -2.0000E-01  1.1500E+01  7.9223E-03
 -2.0000E-01  1.2000E+01  7.8284E-03
 -2.0000E-01  1.2500E+01  7.7555E-03
 -2.0000E-01  1.3000E+01  7.6983E-03
 -2.0000E-01  1.3500E+01  7.6549E-03
 -2.0000E-01  1.4000E+01  7.6276E-03
 -2.0000E-01  1.4500E+01  7.6229E-03
 -2.0000E-01  1.5000E+01  7.6473E-03
 -1.0000E-01  5.0000E-01  3.7797E-03
 -1.0000E-01  1.0000E+00  7.2089E-03
 -1.0000E-01  1.5000E+00  1.0004E-02
 -1.0000E-01  2.0000E+00  1.2007E-02
 -1.0000E-01  2.5000E+00  1.3217E-02
 -1.0000E-01  3.0000E+00  1.3771E-02
 -1.0000E-01  3.5000E+00  1.3869E-02
 -1.0000E-01  4.0000E+00  1.3701E-02
 -1.0000E-01  4.5000E+00  1.3399E-02
 -1.0000E-01  5.0000E+00  1.3036E-02
 -1.0000E-01  5.5000E+00  1.2646E-02
 -1.0000E-01  6.0000E+00  1.2245E-02
 -1.0000E-01  6.5000E+00  1.1846E-02
 -1.0000E-01  7.0000E+00  1.1459E-02
 -1.0000E-01  7.5000E+00  1.1096E-02
 -1.0000E-01  8.0000E+00  1.0763E-02
 -1.0000E-01  8.5000E+00  1.0463E-02
 -1.0000E-01  9.0000E+00  1.0192E-02
 -1.0000E-01  9.5000E+00  9.9441E-03
 -1.0000E-01  1.0000E+01  9.7183E-03
 -1.0000E-01  1.0500E+01  9.5158E-03
 -1.0000E-01  1.1000E+01  9.3407E-03
 -1.0000E-01  1.1500E+01  9.1957E-03
 -1.0000E-01  1.2000E+01  9.0793E-03
 -1.0000E-01  1.2500E+01  8.9860E-03
 -1.0000E-01  1.3000E+01  8.9101E-03
 -1.0000E-01  1.3500E+01  8.8495E-03
 -1.0000E-01  1.4000E+01  8.8083E-03
 -1.0000E-01  1.4500E+01  8.7949E-03
 -1.0000E-01  1.5000E+01  8.8170E-03
  0.0000E+00  5.0000E-01  4.4188E-03
  0.0000E+00  1.0000E+00  8.4243E-03
  0.0000E+00  1.5000E+00  1.1682E-02
  0.0000E+00  2.0000E+00  1.4008E-02
  0.0000E+00  2.5000E+00  1.5401E-02
  0.0000E+00  3.0000E+00  1.6025E-02
  0.0000E+00  3.5000E+00  1.6117E-02
  0.0000E+00  4.0000E+00  1.5904E-02
  0.0000E+00  4.5000E+00  1.5538E-02
  0.0000E+00  5.0000E+00  1.5105E-02
  0.0000E+00  5.5000E+00  1.4643E-02
  0.0000E+00  6.0000E+00  1.4170E-02
  0.0000E+00  6.5000E+00  1.3700E-02
  0.0000E+00  7.0000E+00  1.3245E-02
  0.0000E+00  7.5000E+00  1.2819E-02
  0.0000E+00  8.0000E+00  1.2429E-02
  0.0000E+00  8.5000E+00  1.2078E-02
  0.0000E+00  9.0000E+00  1.1760E-02
  0.0000E+00  9.5000E+00  1.1468E-02
  0.0000E+00  1.0000E+01  1.1202E-02
  0.0000E+00  1.0500E+01  1.0963E-02
  0.0000E+00  1.1000E+01  1.0758E-02
  0.0000E+00  1.1500E+01  1.0591E-02
  0.0000E+00  1.2000E+01  1.0458E-02
  0.0000E+00  1.2500E+01  1.0351E-02
  0.0000E+00  1.3000E+01  1.0261E-02
  0.0000E+00  1.3500E+01  1.0185E-02
  0.0000E+00  1.4000E+01  1.0127E-02
  0.0000E+00  1.4500E+01  1.0098E-02
  0.0000E+00  1.5000E+01  1.0111E-02
  1.0000E-01  5.0000E-01  5.0959E-03
  1.0000E-01  1.0000E+00  9.7122E-03
  1.0000E-01  1.5000E+00  1.3461E-02
  1.0000E-01  2.0000E+00  1.6129E-02
  1.0000E-01  2.5000E+00  1.7717E-02
  1.0000E-01  3.0000E+00  1.8414E-02
  1.0000E-01  3.5000E+00  1.8500E-02
  1.0000E-01  4.0000E+00  1.8237E-02
  1.0000E-01  4.5000E+00  1.7803E-02
  1.0000E-01  5.0000E+00  1.7296E-02
  1.0000E-01  5.5000E+00  1.6758E-02
  1.0000E-01  6.0000E+00  1.6208E-02
  1.0000E-01  6.5000E+00  1.5662E-02
  1.0000E-01  7.0000E+00  1.5135E-02
  1.0000E-01  7.5000E+00  1.4642E-02
  1.0000E-01  8.0000E+00  1.4193E-02
  1.0000E-01  8.5000E+00  1.3789E-02
  1.0000E-01  9.0000E+00  1.3423E-02
  1.0000E-01  9.5000E+00  1.3087E-02
  1.0000E-01  1.0000E+01  1.2780E-02
  1.0000E-01  1.0500E+01  1.2504E-02
  1.0000E-01  1.1000E+01  1.2270E-02
  1.0000E-01  1.1500E+01  1.2079E-02
  1.0000E-01  1.2000E+01  1.1930E-02
  1.0000E-01  1.2500E+01  1.1810E-02
  1.0000E-01  1.3000E+01  1.1707E-02
  1.0000E-01  1.3500E+01  1.1616E-02
  1.0000E-01  1.4000E+01  1.1543E-02
  1.0000E-01  1.4500E+01  1.1504E-02
  1.0000E-01  1.5000E+01  1.1513E-02
  2.0000E-01  5.0000E-01  5.7806E-03
  2.0000E-01  1.0000E+00  1.1016E-02
  2.0000E-01  1.5000E+00  1.5264E-02
  2.0000E-01  2.0000E+00  1.8281E-02
  2.0000E-01  2.5000E+00  2.0069E-02
  2.0000E-01  3.0000E+00  2.0844E-02
  2.0000E-01  3.5000E+00  2.0926E-02
  2.0000E-01  4.0000E+00  2.0614E-02
  2.0000E-01  4.5000E+00  2.0112E-02
  2.0000E-01  5.0000E+00  1.9531E-02
  2.0000E-01  5.5000E+00  1.8918E-02
  2.0000E-01  6.0000E+00  1.8292E-02
  2.0000E-01  6.5000E+00  1.7670E-02
  2.0000E-01  7.0000E+00  1.7071E-02
  2.0000E-01  7.5000E+00  1.6512E-02
  2.0000E-01  8.0000E+00  1.6004E-02
  2.0000E-01  8.5000E+00  1.5549E-02
  2.0000E-01  9.0000E+00  1.5139E-02
  2.0000E-01  9.5000E+00  1.4762E-02
  2.0000E-01  1.0000E+01  1.4416E-02
  2.0000E-01  1.0500E+01  1.4107E-02
  2.0000E-01  1.1000E+01  1.3843E-02
  2.0000E-01  1.1500E+01  1.3631E-02
  2.0000E-01  1.2000E+01  1.3466E-02
  2.0000E-01  1.2500E+01  1.3334E-02
  2.0000E-01  1.3000E+01  1.3222E-02
  2.0000E-01  1.3500E+01  1.3123E-02
  2.0000E-01  1.4000E+01  1.3046E-02
  2.0000E-01  1.4500E+01  1.3009E-02
  2.0000E-01  1.5000E+01  1.3029E-02
  3.0000E-01  5.0000E-01  6.4322E-03
  3.0000E-01  1.0000E+00  1.2258E-02
  3.0000E-01  1.5000E+00  1.6986E-02
  3.0000E-01  2.0000E+00  2.0343E-02
  3.0000E-01  2.5000E+00  2.2330E-02
  3.0000E-01  3.0000E+00  2.3187E-02
  3.0000E-01  3.5000E+00  2.3273E-02
  3.0000E-01  4.0000E+00  2.2920E-02
  3.0000E-01  4.5000E+00  2.2359E-02
  3.0000E-01  5.0000E+00  2.1713E-02
  3.0000E-01  5.5000E+00  2.1031E-02
  3.0000E-01  6.0000E+00  2.0336E-02
  3.0000E-01  6.5000E+00  1.9645E-02
  3.0000E-01  7.0000E+00  1.8979E-02
  3.0000E-01  7.5000E+00  1.8358E-02
  3.0000E-01  8.0000E+00  1.7797E-02
  3.0000E-01  8.5000E+00  1.7296E-02
  3.0000E-01  9.0000E+00  1.6845E-02
  3.0000E-01  9.5000E+00  1.6431E-02
  3.0000E-01  1.0000E+01  1.6051E-02
  3.0000E-01  1.0500E+01  1.5712E-02
  3.0000E-01  1.1000E+01  1.5425E-02
  3.0000E-01  1.1500E+01  1.5198E-02
  3.0000E-01  1.2000E+01  1.5026E-02
  3.0000E-01  1.2500E+01  1.4892E-02
  3.0000E-01  1.3000E+01  1.4780E-02
  3.0000E-01  1.3500E+01  1.4683E-02
  3.0000E-01  1.4000E+01  1.4610E-02
  3.0000E-01  1.4500E+01  1.4585E-02
  3.0000E-01  1.5000E+01  1.4628E-02
  4.0000E-01  5.0000E-01  7.0294E-03
  4.0000E-01  1.0000E+00  1.3399E-02
  4.0000E-01  1.5000E+00  1.8572E-02
  4.0000E-01  2.0000E+00  2.2250E-02
  4.0000E-01  2.5000E+00  2.4430E-02
  4.0000E-01  3.0000E+00  2.5373E-02
  4.0000E-01  3.5000E+00  2.5469E-02
  4.0000E-01  4.0000E+00  2.5086E-02
  4.0000E-01  4.5000E+00  2.4476E-02
  4.0000E-01  5.0000E+00  2.3773E-02
  4.0000E-01  5.5000E+00  2.3033E-02
  4.0000E-01  6.0000E+00  2.2278E-02
  4.0000E-01  6.5000E+00  2.1526E-02
  4.0000E-01  7.0000E+00  2.0800E-02
  4.0000E-01  7.5000E+00  2.0126E-02
  4.0000E-01  8.0000E+00  1.9518E-02
  4.0000E-01  8.5000E+00  1.8978E-02
  4.0000E-01  9.0000E+00  1.8493E-02
  4.0000E-01  9.5000E+00  1.8050E-02
  4.0000E-01  1.0000E+01  1.7643E-02
  4.0000E-01  1.0500E+01  1.7282E-02
  4.0000E-01  1.1000E+01  1.6980E-02
  4.0000E-01  1.1500E+01  1.6748E-02
  4.0000E-01  1.2000E+01  1.6580E-02
  4.0000E-01  1.2500E+01  1.6456E-02
  4.0000E-01  1.3000E+01  1.6358E-02
  4.0000E-01  1.3500E+01  1.6277E-02
  4.0000E-01  1.4000E+01  1.6225E-02
  4.0000E-01  1.4500E+01  1.6228E-02
  4.0000E-01  1.5000E+01  1.6312E-02
  5.0000E-01  5.0000E-01  7.5417E-03
  5.0000E-01  1.0000E+00  1.4380E-02
  5.0000E-01  1.5000E+00  1.9943E-02
  5.0000E-01  2.0000E+00  2.3907E-02
  5.0000E-01  2.5000E+00  2.6265E-02
  5.0000E-01  3.0000E+00  2.7293E-02
  5.0000E-01  3.5000E+00  2.7409E-02
  5.0000E-01  4.0000E+00  2.7008E-02
  5.0000E-01  4.5000E+00  2.6363E-02
  5.0000E-01  5.0000E+00  2.5618E-02
  5.0000E-01  5.5000E+00  2.4833E-02
  5.0000E-01  6.0000E+00  2.4031E-02
  5.0000E-01  6.5000E+00  2.3230E-02
  5.0000E-01  7.0000E+00  2.2457E-02
  5.0000E-01  7.5000E+00  2.1740E-02
  5.0000E-01  8.0000E+00  2.1096E-02
  5.0000E-01  8.5000E+00  2.0527E-02
  5.0000E-01  9.0000E+00  2.0019E-02
  5.0000E-01  9.5000E+00  1.9556E-02
  5.0000E-01  1.0000E+01  1.9132E-02
  5.0000E-01  1.0500E+01  1.8757E-02
  5.0000E-01  1.1000E+01  1.8449E-02
  5.0000E-01  1.1500E+01  1.8221E-02
  5.0000E-01  1.2000E+01  1.8066E-02
  5.0000E-01  1.2500E+01  1.7965E-02
  5.0000E-01  1.3000E+01  1.7893E-02
  5.0000E-01  1.3500E+01  1.7842E-02
  5.0000E-01  1.4000E+01  1.7826E-02
  5.0000E-01  1.4500E+01  1.7876E-02
  5.0000E-01  1.5000E+01  1.8025E-02
  6.0000E-01  5.0000E-01  7.9612E-03
  6.0000E-01  1.0000E+00  1.5187E-02
  6.0000E-01  1.5000E+00  2.1076E-02
  6.0000E-01  2.0000E+00  2.5286E-02
  6.0000E-01  2.5000E+00  2.7805E-02
  6.0000E-01  3.0000E+00  2.8916E-02
  6.0000E-01  3.5000E+00  2.9058E-02
  6.0000E-01  4.0000E+00  2.8651E-02
  6.0000E-01  4.5000E+00  2.7985E-02
  6.0000E-01  5.0000E+00  2.7213E-02
  6.0000E-01  5.5000E+00  2.6398E-02
  6.0000E-01  6.0000E+00  2.5563E-02
  6.0000E-01  6.5000E+00  2.4726E-02
  6.0000E-01  7.0000E+00  2.3918E-02
  6.0000E-01  7.5000E+00  2.3169E-02
  6.0000E-01  8.0000E+00  2.2500E-02
  6.0000E-01  8.5000E+00  2.1912E-02
  6.0000E-01  9.0000E+00  2.1390E-02
  6.0000E-01  9.5000E+00  2.0916E-02
  6.0000E-01  1.0000E+01  2.0484E-02
  6.0000E-01  1.0500E+01  2.0105E-02
  6.0000E-01  1.1000E+01  1.9801E-02
  6.0000E-01  1.1500E+01  1.9588E-02
  6.0000E-01  1.2000E+01  1.9459E-02
  6.0000E-01  1.2500E+01  1.9392E-02
  6.0000E-01  1.3000E+01  1.9361E-02
  6.0000E-01  1.3500E+01  1.9354E-02
  6.0000E-01  1.4000E+01  1.9389E-02
  6.0000E-01  1.4500E+01  1.9505E-02
  6.0000E-01  1.5000E+01  1.9744E-02
  7.0000E-01  5.0000E-01  8.2757E-03
  7.0000E-01  1.0000E+00  1.5795E-02
  7.0000E-01  1.5000E+00  2.1937E-02
  7.0000E-01  2.0000E+00  2.6343E-02
  7.0000E-01  2.5000E+00  2.8994E-02
  7.0000E-01  3.0000E+00  3.0177E-02
  7.0000E-01  3.5000E+00  3.0347E-02
  7.0000E-01  4.0000E+00  2.9941E-02
  7.0000E-01  4.5000E+00  2.9264E-02
  7.0000E-01  5.0000E+00  2.8477E-02
  7.0000E-01  5.5000E+00  2.7645E-02
  7.0000E-01  6.0000E+00  2.6789E-02
  7.0000E-01  6.5000E+00  2.5929E-02
  7.0000E-01  7.0000E+00  2.5097E-02
  7.0000E-01  7.5000E+00  2.4327E-02
  7.0000E-01  8.0000E+00  2.3644E-02
  7.0000E-01  8.5000E+00  2.3049E-02
  7.0000E-01  9.0000E+00  2.2526E-02
  7.0000E-01  9.5000E+00  2.2053E-02
  7.0000E-01  1.0000E+01  2.1624E-02
  7.0000E-01  1.0500E+01  2.1253E-02
  7.0000E-01  1.1000E+01  2.0965E-02
  7.0000E-01  1.1500E+01  2.0781E-02
  7.0000E-01  1.2000E+01  2.0695E-02
  7.0000E-01  1.2500E+01  2.0683E-02
  7.0000E-01  1.3000E+01  2.0713E-02
  7.0000E-01  1.3500E+01  2.0775E-02
  7.0000E-01  1.4000E+01  2.0891E-02
  7.0000E-01  1.4500E+01  2.1110E-02
  7.0000E-01  1.5000E+01  2.1488E-02
  8.0000E-01  5.0000E-01  8.4708E-03
  8.0000E-01  1.0000E+00  1.6176E-02
  8.0000E-01  1.5000E+00  2.2484E-02
  8.0000E-01  2.0000E+00  2.7025E-02
  8.0000E-01  2.5000E+00  2.9773E-02
  8.0000E-01  3.0000E+00  3.1013E-02
  8.0000E-01  3.5000E+00  3.1208E-02
  8.0000E-01  4.0000E+00  3.0809E-02
  8.0000E-01  4.5000E+00  3.0131E-02
  8.0000E-01  5.0000E+00  2.9342E-02
  8.0000E-01  5.5000E+00  2.8508E-02
  8.0000E-01  6.0000E+00  2.7648E-02
  8.0000E-01  6.5000E+00  2.6782E-02
  8.0000E-01  7.0000E+00  2.5943E-02
  8.0000E-01  7.5000E+00  2.5170E-02
  8.0000E-01  8.0000E+00  2.4491E-02
  8.0000E-01  8.5000E+00  2.3908E-02
  8.0000E-01  9.0000E+00  2.3402E-02
  8.0000E-01  9.5000E+00  2.2948E-02
  8.0000E-01  1.0000E+01  2.2539E-02
  8.0000E-01  1.0500E+01  2.2191E-02
  8.0000E-01  1.1000E+01  2.1936E-02
  8.0000E-01  1.1500E+01  2.1799E-02
  8.0000E-01  1.2000E+01  2.1778E-02
  8.0000E-01  1.2500E+01  2.1845E-02
  8.0000E-01  1.3000E+01  2.1967E-02
  8.0000E-01  1.3500E+01  2.2134E-02
  8.0000E-01  1.4000E+01  2.2374E-02
  8.0000E-01  1.4500E+01  2.2750E-02
  8.0000E-01  1.5000E+01  2.3336E-02
  9.0000E-01  5.0000E-01  8.5274E-03
  9.0000E-01  1.0000E+00  1.6292E-02
  9.0000E-01  1.5000E+00  2.2663E-02
  9.0000E-01  2.0000E+00  2.7265E-02
  9.0000E-01  2.5000E+00  3.0062E-02
  9.0000E-01  3.0000E+00  3.1335E-02
  9.0000E-01  3.5000E+00  3.1548E-02
  9.0000E-01  4.0000E+00  3.1156E-02
  9.0000E-01  4.5000E+00  3.0486E-02
  9.0000E-01  5.0000E+00  2.9708E-02
  9.0000E-01  5.5000E+00  2.8884E-02
  9.0000E-01  6.0000E+00  2.8034E-02
  9.0000E-01  6.5000E+00  2.7175E-02
  9.0000E-01  7.0000E+00  2.6341E-02
  9.0000E-01  7.5000E+00  2.5577E-02
  9.0000E-01  8.0000E+00  2.4915E-02
  9.0000E-01  8.5000E+00  2.4358E-02
  9.0000E-01  9.0000E+00  2.3883E-02
  9.0000E-01  9.5000E+00  2.3465E-02
  9.0000E-01  1.0000E+01  2.3092E-02
  9.0000E-01  1.0500E+01  2.2786E-02
  9.0000E-01  1.1000E+01  2.2585E-02
  9.0000E-01  1.1500E+01  2.2521E-02
  9.0000E-01  1.2000E+01  2.2597E-02
  9.0000E-01  1.2500E+01  2.2783E-02
  9.0000E-01  1.3000E+01  2.3043E-02
  9.0000E-01  1.3500E+01  2.3368E-02
  9.0000E-01  1.4000E+01  2.3796E-02
  9.0000E-01  1.4500E+01  2.4414E-02
  9.0000E-01  1.5000E+01  2.5326E-02
  1.0000E+00  5.0000E-01  8.4138E-03
  1.0000E+00  1.0000E+00  1.6083E-02
  1.0000E+00  1.5000E+00  2.2389E-02
  1.0000E+00  2.0000E+00  2.6957E-02
  1.0000E+00  2.5000E+00  2.9742E-02
  1.0000E+00  3.0000E+00  3.1015E-02
  1.0000E+00  3.5000E+00  3.1231E-02
  1.0000E+00  4.0000E+00  3.0849E-02
  1.0000E+00  4.5000E+00  3.0195E-02
  1.0000E+00  5.0000E+00  2.9441E-02
  1.0000E+00  5.5000E+00  2.8646E-02
  1.0000E+00  6.0000E+00  2.7824E-02
  1.0000E+00  6.5000E+00  2.6989E-02
  1.0000E+00  7.0000E+00  2.6179E-02
  1.0000E+00  7.5000E+00  2.5443E-02
  1.0000E+00  8.0000E+00  2.4816E-02
  1.0000E+00  8.5000E+00  2.4304E-02
  1.0000E+00  9.0000E+00  2.3882E-02
  1.0000E+00  9.5000E+00  2.3516E-02
  1.0000E+00  1.0000E+01  2.3197E-02
  1.0000E+00  1.0500E+01  2.2948E-02
  1.0000E+00  1.1000E+01  2.2819E-02
  1.0000E+00  1.1500E+01  2.2849E-02
  1.0000E+00  1.2000E+01  2.3048E-02
  1.0000E+00  1.2500E+01  2.3386E-02
  1.0000E+00  1.3000E+01  2.3826E-02
  1.0000E+00  1.3500E+01  2.4361E-02
  1.0000E+00  1.4000E+01  2.5050E-02
  1.0000E+00  1.4500E+01  2.6015E-02
  1.0000E+00  1.5000E+01  2.7419E-02
  1.1000E+00  5.0000E-01  8.0799E-03
  1.1000E+00  1.0000E+00  1.5453E-02
  1.1000E+00  1.5000E+00  2.1527E-02
  1.1000E+00  2.0000E+00  2.5939E-02
  1.1000E+00  2.5000E+00  2.8635E-02
  1.1000E+00  3.0000E+00  2.9868E-02
  1.1000E+00  3.5000E+00  3.0077E-02
  1.1000E+00  4.0000E+00  2.9708E-02
  1.1000E+00  4.5000E+00  2.9086E-02
  1.1000E+00  5.0000E+00  2.8377E-02
  1.1000E+00  5.5000E+00  2.7635E-02
  1.1000E+00  6.0000E+00  2.6865E-02
  1.1000E+00  6.5000E+00  2.6079E-02
  1.1000E+00  7.0000E+00  2.5315E-02
  1.1000E+00  7.5000E+00  2.4628E-02
  1.1000E+00  8.0000E+00  2.4062E-02
  1.1000E+00  8.5000E+00  2.3622E-02
  1.1000E+00  9.0000E+00  2.3280E-02
  1.1000E+00  9.5000E+00  2.2998E-02
  1.1000E+00  1.0000E+01  2.2763E-02
  1.1000E+00  1.0500E+01  2.2604E-02
  1.1000E+00  1.1000E+01  2.2580E-02
  1.1000E+00  1.1500E+01  2.2744E-02
  1.1000E+00  1.2000E+01  2.3115E-02
  1.1000E+00  1.2500E+01  2.3666E-02
  1.1000E+00  1.3000E+01  2.4362E-02
  1.1000E+00  1.3500E+01  2.5213E-02
  1.1000E+00  1.4000E+01  2.6318E-02
  1.1000E+00  1.4500E+01  2.7885E-02
  1.1000E+00  1.5000E+01  3.0230E-02
  1.2000E+00  5.0000E-01  7.4761E-03
  1.2000E+00  1.0000E+00  1.4306E-02
  1.2000E+00  1.5000E+00  1.9946E-02
  1.2000E+00  2.0000E+00  2.4054E-02
  1.2000E+00  2.5000E+00  2.6570E-02
  1.2000E+00  3.0000E+00  2.7720E-02
  1.2000E+00  3.5000E+00  2.7910E-02
  1.2000E+00  4.0000E+00  2.7564E-02
  1.2000E+00  4.5000E+00  2.6993E-02
  1.2000E+00  5.0000E+00  2.6354E-02
  1.2000E+00  5.5000E+00  2.5692E-02
  1.2000E+00  6.0000E+00  2.5005E-02
  1.2000E+00  6.5000E+00  2.4299E-02
  1.2000E+00  7.0000E+00  2.3613E-02
  1.2000E+00  7.5000E+00  2.3005E-02
  1.2000E+00  8.0000E+00  2.2524E-02
  1.2000E+00  8.5000E+00  2.2180E-02
  1.2000E+00  9.0000E+00  2.1940E-02
  1.2000E+00  9.5000E+00  2.1763E-02
  1.2000E+00  1.0000E+01  2.1633E-02
  1.2000E+00  1.0500E+01  2.1587E-02
  1.2000E+00  1.1000E+01  2.1700E-02
  1.2000E+00  1.1500E+01  2.2044E-02
  1.2000E+00  1.2000E+01  2.2652E-02
  1.2000E+00  1.2500E+01  2.3509E-02
  1.2000E+00  1.3000E+01  2.4595E-02
  1.2000E+00  1.3500E+01  2.5956E-02
  1.2000E+00  1.4000E+01  2.7791E-02
  1.2000E+00  1.4500E+01  3.0526E-02
  1.2000E+00  1.5000E+01  3.4943E-02
  1.3000E+00  5.0000E-01  6.5673E-03
  1.3000E+00  1.0000E+00  1.2576E-02
  1.3000E+00  1.5000E+00  1.7552E-02
  1.3000E+00  2.0000E+00  2.1188E-02
  1.3000E+00  2.5000E+00  2.3421E-02
  1.3000E+00  3.0000E+00  2.4439E-02
  1.3000E+00  3.5000E+00  2.4600E-02
  1.3000E+00  4.0000E+00  2.4287E-02
  1.3000E+00  4.5000E+00  2.3787E-02
  1.3000E+00  5.0000E+00  2.3243E-02
  1.3000E+00  5.5000E+00  2.2689E-02
  1.3000E+00  6.0000E+00  2.2115E-02
  1.3000E+00  6.5000E+00  2.1519E-02
  1.3000E+00  7.0000E+00  2.0942E-02
  1.3000E+00  7.5000E+00  2.0448E-02
  1.3000E+00  8.0000E+00  2.0093E-02
  1.3000E+00  8.5000E+00  1.9890E-02
  1.3000E+00  9.0000E+00  1.9806E-02
  1.3000E+00  9.5000E+00  1.9794E-02
  1.3000E+00  1.0000E+01  1.9838E-02
  1.3000E+00  1.0500E+01  1.9987E-02
  1.3000E+00  1.1000E+01  2.0342E-02
  1.3000E+00  1.1500E+01  2.1020E-02
  1.3000E+00  1.2000E+01  2.2106E-02
  1.3000E+00  1.2500E+01  2.3651E-02
  1.3000E+00  1.3000E+01  2.5746E-02
  1.3000E+00  1.3500E+01  2.8665E-02
  1.3000E+00  1.4000E+01  3.3152E-02
  1.3000E+00  1.4500E+01  4.1119E-02
  1.3000E+00  1.5000E+01  5.8453E-02
  1.4000E+00  5.0000E-01  5.3597E-03
  1.4000E+00  1.0000E+00  1.0274E-02
  1.4000E+00  1.5000E+00  1.4359E-02
  1.4000E+00  2.0000E+00  1.7361E-02
  1.4000E+00  2.5000E+00  1.9214E-02
  1.4000E+00  3.0000E+00  2.0061E-02
  1.4000E+00  3.5000E+00  2.0194E-02
  1.4000E+00  4.0000E+00  1.9940E-02
  1.4000E+00  4.5000E+00  1.9543E-02
  1.4000E+00  5.0000E+00  1.9129E-02
  1.4000E+00  5.5000E+00  1.8717E-02
  1.4000E+00  6.0000E+00  1.8286E-02
  1.4000E+00  6.5000E+00  1.7831E-02
  1.4000E+00  7.0000E+00  1.7388E-02
  1.4000E+00  7.5000E+00  1.7030E-02
  1.4000E+00  8.0000E+00  1.6821E-02
  1.4000E+00  8.5000E+00  1.6782E-02
  1.4000E+00  9.0000E+00  1.6879E-02
  1.4000E+00  9.5000E+00  1.7065E-02
  1.4000E+00  1.0000E+01  1.7326E-02
  1.4000E+00  1.0500E+01  1.7728E-02
  1.4000E+00  1.1000E+01  1.8422E-02
  1.4000E+00  1.1500E+01  1.9615E-02
  1.4000E+00  1.2000E+01  2.1549E-02
  1.4000E+00  1.2500E+01  2.4572E-02
  1.4000E+00  1.3000E+01  2.9464E-02
  1.4000E+00  1.3500E+01  3.8617E-02
  1.4000E+00  1.4000E+01  6.2483E-02
  1.4000E+00  1.4500E+01  2.6974E-01
  1.4000E+00  1.5000E+01 -8.9927E-02
  1.5000E+00  5.0000E-01  3.9174E-03
  1.5000E+00  1.0000E+00  7.5206E-03
  1.5000E+00  1.5000E+00  1.0535E-02
  1.5000E+00  2.0000E+00  1.2769E-02
  1.5000E+00  2.5000E+00  1.4162E-02
  1.5000E+00  3.0000E+00  1.4806E-02
  1.5000E+00  3.5000E+00  1.4913E-02
  1.5000E+00  4.0000E+00  1.4734E-02
  1.5000E+00  4.5000E+00  1.4467E-02
  1.5000E+00  5.0000E+00  1.4211E-02
  1.5000E+00  5.5000E+00  1.3974E-02
  1.5000E+00  6.0000E+00  1.3728E-02
  1.5000E+00  6.5000E+00  1.3459E-02
  1.5000E+00  7.0000E+00  1.3196E-02
  1.5000E+00  7.5000E+00  1.3015E-02
  1.5000E+00  8.0000E+00  1.2989E-02
  1.5000E+00  8.5000E+00  1.3156E-02
  1.5000E+00  9.0000E+00  1.3503E-02
  1.5000E+00  9.5000E+00  1.4002E-02
  1.5000E+00  1.0000E+01  1.4677E-02
  1.5000E+00  1.0500E+01  1.5677E-02
  1.5000E+00  1.1000E+01  1.7347E-02
  1.5000E+00  1.1500E+01  2.0361E-02
  1.5000E+00  1.2000E+01  2.6258E-02
  1.5000E+00  1.2500E+01  4.0549E-02
  1.5000E+00  1.3000E+01  1.1913E-01
  1.5000E+00  1.3500E+01 -8.1755E-02
  1.5000E+00  1.4000E+01 -2.5291E-02
  1.5000E+00  1.4500E+01 -1.3287E-02
  1.5000E+00  1.5000E+01 -8.4389E-03
  1.6000E+00  5.0000E-01  2.3939E-03
  1.6000E+00  1.0000E+00  4.6070E-03
  1.6000E+00  1.5000E+00  6.4772E-03
  1.6000E+00  2.0000E+00  7.8849E-03
  1.6000E+00  2.5000E+00  8.7809E-03
  1.6000E+00  3.0000E+00  9.2075E-03
  1.6000E+00  3.5000E+00  9.2913E-03
  1.6000E+00  4.0000E+00  9.1975E-03
  1.6000E+00  4.5000E+00  9.0654E-03
  1.6000E+00  5.0000E+00  8.9656E-03
  1.6000E+00  5.5000E+00  8.8991E-03
  1.6000E+00  6.0000E+00  8.8330E-03
  1.6000E+00  6.5000E+00  8.7474E-03
  1.6000E+00  7.0000E+00  8.6711E-03
  1.6000E+00  7.5000E+00  8.6852E-03
  1.6000E+00  8.0000E+00  8.8933E-03
  1.6000E+00  8.5000E+00  9.3837E-03
  1.6000E+00  9.0000E+00  1.0228E-02
  1.6000E+00  9.5000E+00  1.1550E-02
  1.6000E+00  1.0000E+01  1.3742E-02
  1.6000E+00  1.0500E+01  1.8171E-02
  1.6000E+00  1.1000E+01  3.1719E-02
  1.6000E+00  1.1500E+01  8.5182E-01
  1.6000E+00  1.2000E+01 -2.7598E-02
  1.6000E+00  1.2500E+01 -1.2100E-02
  1.6000E+00  1.3000E+01 -6.8712E-03
  1.6000E+00  1.3500E+01 -4.1409E-03
  1.6000E+00  1.4000E+01 -2.5035E-03
  1.6000E+00  1.4500E+01 -1.5319E-03
  1.6000E+00  1.5000E+01 -1.0099E-03
  1.7000E+00  5.0000E-01  1.0328E-03
  1.7000E+00  1.0000E+00  1.9978E-03
  1.7000E+00  1.5000E+00  2.8313E-03
  1.7000E+00  2.0000E+00  3.4804E-03
  1.7000E+00  2.5000E+00  3.9136E-03
  1.7000E+00  3.0000E+00  4.1356E-03
  1.7000E+00  3.5000E+00  4.1954E-03
  1.7000E+00  4.0000E+00  4.1755E-03
  1.7000E+00  4.5000E+00  4.1593E-03
  1.7000E+00  5.0000E+00  4.1970E-03
  1.7000E+00  5.5000E+00  4.2937E-03
  1.7000E+00  6.0000E+00  4.4245E-03
  1.7000E+00  6.5000E+00  4.5671E-03
  1.7000E+00  7.0000E+00  4.7431E-03
  1.7000E+00  7.5000E+00  5.0610E-03
  1.7000E+00  8.0000E+00  5.7702E-03
  1.7000E+00  8.5000E+00  7.4945E-03
  1.7000E+00  9.0000E+00  1.3268E-02
  1.7000E+00  9.5000E+00 -1.5015E-01
  1.7000E+00  1.0000E+01 -7.8021E-03
  1.7000E+00  1.0500E+01 -3.1639E-03
  1.7000E+00  1.1000E+01 -1.6875E-03
  1.7000E+00  1.1500E+01 -1.0685E-03
  1.7000E+00  1.2000E+01 -7.6753E-04
  1.7000E+00  1.2500E+01 -5.5948E-04
  1.7000E+00  1.3000E+01 -3.4456E-04
  1.7000E+00  1.3500E+01 -1.0868E-04
  1.7000E+00  1.4000E+01  1.0738E-04
  1.7000E+00  1.4500E+01  2.4994E-04
  1.7000E+00  1.5000E+01  2.9352E-04
  1.8000E+00  5.0000E-01  5.1077E-05
  1.8000E+00  1.0000E+00  8.7708E-05
  1.8000E+00  1.5000E+00  1.0093E-04
  1.8000E+00  2.0000E+00  9.1626E-05
  1.8000E+00  2.5000E+00  6.9842E-05
  1.8000E+00  3.0000E+00  4.7682E-05
  1.8000E+00  3.5000E+00  3.2220E-05
  1.8000E+00  4.0000E+00  2.4311E-05
  1.8000E+00  4.5000E+00  2.1527E-05
  1.8000E+00  5.0000E+00  2.1039E-05
  1.8000E+00  5.5000E+00  2.0959E-05
  1.8000E+00  6.0000E+00  2.0547E-05
  1.8000E+00  6.5000E+00  1.9876E-05
  1.8000E+00  7.0000E+00  1.9333E-05
  1.8000E+00  7.5000E+00  1.9210E-05
  1.8000E+00  8.0000E+00  1.9517E-05
  1.8000E+00  8.5000E+00  2.0034E-05
  1.8000E+00  9.0000E+00  2.0498E-05
  1.8000E+00  9.5000E+00  2.0763E-05
  1.8000E+00  1.0000E+01  2.0862E-05
  1.8000E+00  1.0500E+01  2.0948E-05
  1.8000E+00  1.1000E+01  2.1172E-05
  1.8000E+00  1.1500E+01  2.1583E-05
  1.8000E+00  1.2000E+01  2.2094E-05
  1.8000E+00  1.2500E+01  2.2555E-05
  1.8000E+00  1.3000E+01  2.2846E-05
  1.8000E+00  1.3500E+01  2.2962E-05
  1.8000E+00  1.4000E+01  2.3005E-05
  1.8000E+00  1.4500E+01  2.3116E-05
  1.8000E+00  1.5000E+01  2.3376E-05
