 -1.8000E+00  5.0000E-01  6.7599E-02
 -1.8000E+00  1.0000E+00  9.0334E-02
 -1.8000E+00  1.5000E+00  6.9195E-02
 -1.8000E+00  2.0000E+00  3.6009E-02
 -1.8000E+00  2.5000E+00  1.3426E-02
 -1.8000E+00  3.0000E+00  3.6732E-03
 -1.8000E+00  3.5000E+00  7.4669E-04
 -1.8000E+00  4.0000E+00  1.1364E-04
 -1.8000E+00  4.5000E+00  1.3012E-05
 -1.8000E+00  5.0000E+00  1.1247E-06
 -1.8000E+00  5.5000E+00  7.3550E-08
 -1.8000E+00  6.0000E+00  3.6458E-09
 -1.8000E+00  6.5000E+00  1.3716E-10
 -1.8000E+00  7.0000E+00  3.9206E-12
 -1.8000E+00  7.5000E+00  8.5212E-14
 -1.8000E+00  8.0000E+00  1.4092E-15
 -1.8000E+00  8.5000E+00  1.7741E-17
 -1.8000E+00  9.0000E+00  1.7012E-19
 -1.8000E+00  9.5000E+00  1.2429E-21
 -1.8000E+00  1.0000E+01  6.9211E-24
 -1.8000E+00  1.0500E+01  2.9382E-26
 -1.8000E+00  1.1000E+01  9.5114E-29
 -1.8000E+00  1.1500E+01  2.3484E-31
 -1.8000E+00  1.2000E+01  4.4231E-34
 -1.8000E+00  1.2500E+01  6.3560E-37
 -1.8000E+00  1.3000E+01  6.9694E-40
 -1.8000E+00  1.3500E+01  5.8321E-43
 -1.8000E+00  1.4000E+01  3.7248E-46
 -1.8000E+00  1.4500E+01  1.8159E-49
 -1.8000E+00  1.5000E+01  6.7579E-53
 -1.7000E+00  5.0000E-01  7.2556E-02
 -1.7000E+00  1.0000E+00  9.6959E-02
 -1.7000E+00  1.5000E+00  7.4270E-02
 -1.7000E+00  2.0000E+00  3.8649E-02
 -1.7000E+00  2.5000E+00  1.4411E-02
 -1.7000E+00  3.0000E+00  3.9425E-03
 -1.7000E+00  3.5000E+00  8.0144E-04
 -1.7000E+00  4.0000E+00  1.2198E-04
 -1.7000E+00  4.5000E+00  1.3966E-05
 -1.7000E+00  5.0000E+00  1.2071E-06
 -1.7000E+00  5.5000E+00  7.8944E-08
 -1.7000E+00  6.0000E+00  3.9132E-09
 -1.7000E+00  6.5000E+00  1.4722E-10
 -1.7000E+00  7.0000E+00  4.2081E-12
 -1.7000E+00  7.5000E+00  9.1460E-14
 -1.7000E+00  8.0000E+00  1.5125E-15
 -1.7000E+00  8.5000E+00  1.9043E-17
 -1.7000E+00  9.0000E+00  1.8260E-19
 -1.7000E+00  9.5000E+00  1.3341E-21
 -1.7000E+00  1.0000E+01  7.4287E-24
 -1.7000E+00  1.0500E+01  3.1536E-26
 -1.7000E+00  1.1000E+01  1.0209E-28
 -1.7000E+00  1.1500E+01  2.5206E-31
 -1.7000E+00  1.2000E+01  4.7474E-34
 -1.7000E+00  1.2500E+01  6.8221E-37
 -1.7000E+00  1.3000E+01  7.4805E-40
 -1.7000E+00  1.3500E+01  6.2597E-43
 -1.7000E+00  1.4000E+01  3.9980E-46
 -1.7000E+00  1.4500E+01  1.9491E-49
 -1.7000E+00  1.5000E+01  7.2535E-53
 -1.6000E+00  5.0000E-01  7.7701E-02
 -1.6000E+00  1.0000E+00  1.0383E-01
 -1.6000E+00  1.5000E+00  7.9536E-02
 -1.6000E+00  2.0000E+00  4.1390E-02
 -1.6000E+00  2.5000E+00  1.5433E-02
 -1.6000E+00  3.0000E+00  4.2221E-03
 -1.6000E+00  3.5000E+00  8.5827E-04
 -1.6000E+00  4.0000E+00  1.3062E-04
 -1.6000E+00  4.5000E+00  1.4957E-05
 -1.6000E+00  5.0000E+00  1.2927E-06
 -1.6000E+00  5.5000E+00  8.4541E-08
 -1.6000E+00  6.0000E+00  4.1906E-09
 -1.6000E+00  6.5000E+00  1.5766E-10
 -1.6000E+00  7.0000E+00  4.5064E-12
 -1.6000E+00  7.5000E+00  9.7945E-14
 -1.6000E+00  8.0000E+00  1.6198E-15
 -1.6000E+00  8.5000E+00  2.0393E-17
 -1.6000E+00  9.0000E+00  1.9554E-19
 -1.6000E+00  9.5000E+00  1.4287E-21
 -1.6000E+00  1.0000E+01  7.9554E-24
 -1.6000E+00  1.0500E+01  3.3772E-26
 -1.6000E+00  1.1000E+01  1.0933E-28
 -1.6000E+00  1.1500E+01  2.6993E-31
 -1.6000E+00  1.2000E+01  5.0841E-34
 -1.6000E+00  1.2500E+01  7.3058E-37
 -1.6000E+00  1.3000E+01  8.0109E-40
 -1.6000E+00  1.3500E+01  6.7036E-43
 -1.6000E+00  1.4000E+01  4.2814E-46
 -1.6000E+00  1.4500E+01  2.0873E-49
 -1.6000E+00  1.5000E+01  7.7678E-53
 -1.5000E+00  5.0000E-01  8.2989E-02
 -1.5000E+00  1.0000E+00  1.1090E-01
 -1.5000E+00  1.5000E+00  8.4949E-02
 -1.5000E+00  2.0000E+00  4.4206E-02
 -1.5000E+00  2.5000E+00  1.6483E-02
 -1.5000E+00  3.0000E+00  4.5094E-03
 -1.5000E+00  3.5000E+00  9.1668E-04
 -1.5000E+00  4.0000E+00  1.3951E-04
 -1.5000E+00  4.5000E+00  1.5975E-05
 -1.5000E+00  5.0000E+00  1.3807E-06
 -1.5000E+00  5.5000E+00  9.0294E-08
 -1.5000E+00  6.0000E+00  4.4758E-09
 -1.5000E+00  6.5000E+00  1.6839E-10
 -1.5000E+00  7.0000E+00  4.8131E-12
 -1.5000E+00  7.5000E+00  1.0461E-13
 -1.5000E+00  8.0000E+00  1.7300E-15
 -1.5000E+00  8.5000E+00  2.1780E-17
 -1.5000E+00  9.0000E+00  2.0885E-19
 -1.5000E+00  9.5000E+00  1.5259E-21
 -1.5000E+00  1.0000E+01  8.4968E-24
 -1.5000E+00  1.0500E+01  3.6071E-26
 -1.5000E+00  1.1000E+01  1.1677E-28
 -1.5000E+00  1.1500E+01  2.8830E-31
 -1.5000E+00  1.2000E+01  5.4300E-34
 -1.5000E+00  1.2500E+01  7.8030E-37
 -1.5000E+00  1.3000E+01  8.5561E-40
 -1.5000E+00  1.3500E+01  7.1598E-43
 -1.5000E+00  1.4000E+01  4.5728E-46
 -1.5000E+00  1.4500E+01  2.2293E-49
 -1.5000E+00  1.5000E+01  8.2964E-53
 -1.4000E+00  5.0000E-01  8.8352E-02
 -1.4000E+00  1.0000E+00  1.1807E-01
 -1.4000E+00  1.5000E+00  9.0438E-02
 -1.4000E+00  2.0000E+00  4.7063E-02
 -1.4000E+00  2.5000E+00  1.7548E-02
 -1.4000E+00  3.0000E+00  4.8008E-03
 -1.4000E+00  3.5000E+00  9.7592E-04
 -1.4000E+00  4.0000E+00  1.4853E-04
 -1.4000E+00  4.5000E+00  1.7007E-05
 -1.4000E+00  5.0000E+00  1.4699E-06
 -1.4000E+00  5.5000E+00  9.6130E-08
 -1.4000E+00  6.0000E+00  4.7651E-09
 -1.4000E+00  6.5000E+00  1.7927E-10
 -1.4000E+00  7.0000E+00  5.1242E-12
 -1.4000E+00  7.5000E+00  1.1137E-13
 -1.4000E+00  8.0000E+00  1.8418E-15
 -1.4000E+00  8.5000E+00  2.3188E-17
 -1.4000E+00  9.0000E+00  2.2235E-19
 -1.4000E+00  9.5000E+00  1.6245E-21
 -1.4000E+00  1.0000E+01  9.0459E-24
 -1.4000E+00  1.0500E+01  3.8402E-26
 -1.4000E+00  1.1000E+01  1.2431E-28
 -1.4000E+00  1.1500E+01  3.0693E-31
 -1.4000E+00  1.2000E+01  5.7810E-34
 -1.4000E+00  1.2500E+01  8.3072E-37
 -1.4000E+00  1.3000E+01  9.1090E-40
 -1.4000E+00  1.3500E+01  7.6225E-43
 -1.4000E+00  1.4000E+01  4.8683E-46
 -1.4000E+00  1.4500E+01  2.3734E-49
 -1.4000E+00  1.5000E+01  8.8326E-53
 -1.3000E+00  5.0000E-01  9.3636E-02
 -1.3000E+00  1.0000E+00  1.2513E-01
 -1.3000E+00  1.5000E+00  9.5847E-02
 -1.3000E+00  2.0000E+00  4.9878E-02
 -1.3000E+00  2.5000E+00  1.8598E-02
 -1.3000E+00  3.0000E+00  5.0879E-03
 -1.3000E+00  3.5000E+00  1.0343E-03
 -1.3000E+00  4.0000E+00  1.5741E-04
 -1.3000E+00  4.5000E+00  1.8024E-05
 -1.3000E+00  5.0000E+00  1.5578E-06
 -1.3000E+00  5.5000E+00  1.0188E-07
 -1.3000E+00  6.0000E+00  5.0501E-09
 -1.3000E+00  6.5000E+00  1.8999E-10
 -1.3000E+00  7.0000E+00  5.4306E-12
 -1.3000E+00  7.5000E+00  1.1803E-13
 -1.3000E+00  8.0000E+00  1.9519E-15
 -1.3000E+00  8.5000E+00  2.4575E-17
 -1.3000E+00  9.0000E+00  2.3565E-19
 -1.3000E+00  9.5000E+00  1.7217E-21
 -1.3000E+00  1.0000E+01  9.5869E-24
 -1.3000E+00  1.0500E+01  4.0699E-26
 -1.3000E+00  1.1000E+01  1.3175E-28
 -1.3000E+00  1.1500E+01  3.2529E-31
 -1.3000E+00  1.2000E+01  6.1267E-34
 -1.3000E+00  1.2500E+01  8.8041E-37
 -1.3000E+00  1.3000E+01  9.6538E-40
 -1.3000E+00  1.3500E+01  8.0784E-43
 -1.3000E+00  1.4000E+01  5.1595E-46
 -1.3000E+00  1.4500E+01  2.5153E-49
 -1.3000E+00  1.5000E+01  9.3608E-53
 -1.2000E+00  5.0000E-01  9.8605E-02
 -1.2000E+00  1.0000E+00  1.3177E-01
 -1.2000E+00  1.5000E+00  1.0093E-01
 -1.2000E+00  2.0000E+00  5.2525E-02
 -1.2000E+00  2.5000E+00  1.9585E-02
 -1.2000E+00  3.0000E+00  5.3579E-03
 -1.2000E+00  3.5000E+00  1.0892E-03
 -1.2000E+00  4.0000E+00  1.6577E-04
 -1.2000E+00  4.5000E+00  1.8981E-05
 -1.2000E+00  5.0000E+00  1.6405E-06
 -1.2000E+00  5.5000E+00  1.0729E-07
 -1.2000E+00  6.0000E+00  5.3181E-09
 -1.2000E+00  6.5000E+00  2.0008E-10
 -1.2000E+00  7.0000E+00  5.7189E-12
 -1.2000E+00  7.5000E+00  1.2430E-13
 -1.2000E+00  8.0000E+00  2.0555E-15
 -1.2000E+00  8.5000E+00  2.5879E-17
 -1.2000E+00  9.0000E+00  2.4815E-19
 -1.2000E+00  9.5000E+00  1.8130E-21
 -1.2000E+00  1.0000E+01  1.0096E-23
 -1.2000E+00  1.0500E+01  4.2858E-26
 -1.2000E+00  1.1000E+01  1.3874E-28
 -1.2000E+00  1.1500E+01  3.4255E-31
 -1.2000E+00  1.2000E+01  6.4519E-34
 -1.2000E+00  1.2500E+01  9.2713E-37
 -1.2000E+00  1.3000E+01  1.0166E-39
 -1.2000E+00  1.3500E+01  8.5071E-43
 -1.2000E+00  1.4000E+01  5.4333E-46
 -1.2000E+00  1.4500E+01  2.6488E-49
 -1.2000E+00  1.5000E+01  9.8576E-53
 -1.1000E+00  5.0000E-01  1.0298E-01
 -1.1000E+00  1.0000E+00  1.3762E-01
 -1.1000E+00  1.5000E+00  1.0541E-01
 -1.1000E+00  2.0000E+00  5.4856E-02
 -1.1000E+00  2.5000E+00  2.0454E-02
 -1.1000E+00  3.0000E+00  5.5957E-03
 -1.1000E+00  3.5000E+00  1.1375E-03
 -1.1000E+00  4.0000E+00  1.7312E-04
 -1.1000E+00  4.5000E+00  1.9823E-05
 -1.1000E+00  5.0000E+00  1.7133E-06
 -1.1000E+00  5.5000E+00  1.1205E-07
 -1.1000E+00  6.0000E+00  5.5541E-09
 -1.1000E+00  6.5000E+00  2.0895E-10
 -1.1000E+00  7.0000E+00  5.9726E-12
 -1.1000E+00  7.5000E+00  1.2981E-13
 -1.1000E+00  8.0000E+00  2.1468E-15
 -1.1000E+00  8.5000E+00  2.7028E-17
 -1.1000E+00  9.0000E+00  2.5917E-19
 -1.1000E+00  9.5000E+00  1.8935E-21
 -1.1000E+00  1.0000E+01  1.0544E-23
 -1.1000E+00  1.0500E+01  4.4760E-26
 -1.1000E+00  1.1000E+01  1.4490E-28
 -1.1000E+00  1.1500E+01  3.5775E-31
 -1.1000E+00  1.2000E+01  6.7382E-34
 -1.1000E+00  1.2500E+01  9.6827E-37
 -1.1000E+00  1.3000E+01  1.0617E-39
 -1.1000E+00  1.3500E+01  8.8846E-43
 -1.1000E+00  1.4000E+01  5.6744E-46
 -1.1000E+00  1.4500E+01  2.7663E-49
 -1.1000E+00  1.5000E+01  1.0295E-52
 -1.0000E+00  5.0000E-01  1.0639E-01
 -1.0000E+00  1.0000E+00  1.4217E-01
 -1.0000E+00  1.5000E+00  1.0890E-01
 -1.0000E+00  2.0000E+00  5.6673E-02
 -1.0000E+00  2.5000E+00  2.1131E-02
 -1.0000E+00  3.0000E+00  5.7810E-03
 -1.0000E+00  3.5000E+00  1.1752E-03
 -1.0000E+00  4.0000E+00  1.7886E-04
 -1.0000E+00  4.5000E+00  2.0479E-05
 -1.0000E+00  5.0000E+00  1.7701E-06
 -1.0000E+00  5.5000E+00  1.1576E-07
 -1.0000E+00  6.0000E+00  5.7380E-09
 -1.0000E+00  6.5000E+00  2.1587E-10
 -1.0000E+00  7.0000E+00  6.1705E-12
 -1.0000E+00  7.5000E+00  1.3411E-13
 -1.0000E+00  8.0000E+00  2.2179E-15
 -1.0000E+00  8.5000E+00  2.7923E-17
 -1.0000E+00  9.0000E+00  2.6775E-19
 -1.0000E+00  9.5000E+00  1.9562E-21
 -1.0000E+00  1.0000E+01  1.0893E-23
 -1.0000E+00  1.0500E+01  4.6243E-26
 -1.0000E+00  1.1000E+01  1.4970E-28
 -1.0000E+00  1.1500E+01  3.6960E-31
 -1.0000E+00  1.2000E+01  6.9613E-34
 -1.0000E+00  1.2500E+01  1.0003E-36
 -1.0000E+00  1.3000E+01  1.0969E-39
 -1.0000E+00  1.3500E+01  9.1789E-43
 -1.0000E+00  1.4000E+01  5.8624E-46
 -1.0000E+00  1.4500E+01  2.8580E-49
 -1.0000E+00  1.5000E+01  1.0636E-52
 -9.0000E-01  5.0000E-01  1.0856E-01
 -9.0000E-01  1.0000E+00  1.4507E-01
 -9.0000E-01  1.5000E+00  1.1112E-01
 -9.0000E-01  2.0000E+00  5.7828E-02
 -9.0000E-01  2.5000E+00  2.1562E-02
 -9.0000E-01  3.0000E+00  5.8989E-03
 -9.0000E-01  3.5000E+00  1.1991E-03
 -9.0000E-01  4.0000E+00  1.8250E-04
 -9.0000E-01  4.5000E+00  2.0897E-05
 -9.0000E-01  5.0000E+00  1.8061E-06
 -9.0000E-01  5.5000E+00  1.1812E-07
 -9.0000E-01  6.0000E+00  5.8549E-09
 -9.0000E-01  6.5000E+00  2.2027E-10
 -9.0000E-01  7.0000E+00  6.2962E-12
 -9.0000E-01  7.5000E+00  1.3684E-13
 -9.0000E-01  8.0000E+00  2.2631E-15
 -9.0000E-01  8.5000E+00  2.8492E-17
 -9.0000E-01  9.0000E+00  2.7321E-19
 -9.0000E-01  9.5000E+00  1.9961E-21
 -9.0000E-01  1.0000E+01  1.1115E-23
 -9.0000E-01  1.0500E+01  4.7185E-26
 -9.0000E-01  1.1000E+01  1.5275E-28
 -9.0000E-01  1.1500E+01  3.7714E-31
 -9.0000E-01  1.2000E+01  7.1032E-34
 -9.0000E-01  1.2500E+01  1.0207E-36
 -9.0000E-01  1.3000E+01  1.1192E-39
 -9.0000E-01  1.3500E+01  9.3659E-43
 -9.0000E-01  1.4000E+01  5.9818E-46
 -9.0000E-01  1.4500E+01  2.9162E-49
 -9.0000E-01  1.5000E+01  1.0853E-52
 -8.0000E-01  5.0000E-01  1.1081E-01
 -8.0000E-01  1.0000E+00  1.4808E-01
 -8.0000E-01  1.5000E+00  1.1343E-01
 -8.0000E-01  2.0000E+00  5.9027E-02
 -8.0000E-01  2.5000E+00  2.2009E-02
 -8.0000E-01  3.0000E+00  6.0212E-03
 -8.0000E-01  3.5000E+00  1.2240E-03
 -8.0000E-01  4.0000E+00  1.8629E-04
 -8.0000E-01  4.5000E+00  2.1330E-05
 -8.0000E-01  5.0000E+00  1.8436E-06
 -8.0000E-01  5.5000E+00  1.2057E-07
 -8.0000E-01  6.0000E+00  5.9764E-09
 -8.0000E-01  6.5000E+00  2.2484E-10
 -8.0000E-01  7.0000E+00  6.4268E-12
 -8.0000E-01  7.5000E+00  1.3968E-13
 -8.0000E-01  8.0000E+00  2.3100E-15
 -8.0000E-01  8.5000E+00  2.9083E-17
 -8.0000E-01  9.0000E+00  2.7887E-19
 -8.0000E-01  9.5000E+00  2.0375E-21
 -8.0000E-01  1.0000E+01  1.1345E-23
 -8.0000E-01  1.0500E+01  4.8164E-26
 -8.0000E-01  1.1000E+01  1.5592E-28
 -8.0000E-01  1.1500E+01  3.8496E-31
 -8.0000E-01  1.2000E+01  7.2505E-34
 -8.0000E-01  1.2500E+01  1.0419E-36
 -8.0000E-01  1.3000E+01  1.1425E-39
 -8.0000E-01  1.3500E+01  9.5602E-43
 -8.0000E-01  1.4000E+01  6.1059E-46
 -8.0000E-01  1.4500E+01  2.9767E-49
 -8.0000E-01  1.5000E+01  1.1078E-52
 -7.0000E-01  5.0000E-01  1.0995E-01
 -7.0000E-01  1.0000E+00  1.4693E-01
 -7.0000E-01  1.5000E+00  1.1255E-01
 -7.0000E-01  2.0000E+00  5.8568E-02
 -7.0000E-01  2.5000E+00  2.1838E-02
 -7.0000E-01  3.0000E+00  5.9744E-03
 -7.0000E-01  3.5000E+00  1.2145E-03
 -7.0000E-01  4.0000E+00  1.8484E-04
 -7.0000E-01  4.5000E+00  2.1164E-05
 -7.0000E-01  5.0000E+00  1.8293E-06
 -7.0000E-01  5.5000E+00  1.1963E-07
 -7.0000E-01  6.0000E+00  5.9300E-09
 -7.0000E-01  6.5000E+00  2.2310E-10
 -7.0000E-01  7.0000E+00  6.3769E-12
 -7.0000E-01  7.5000E+00  1.3860E-13
 -7.0000E-01  8.0000E+00  2.2921E-15
 -7.0000E-01  8.5000E+00  2.8857E-17
 -7.0000E-01  9.0000E+00  2.7671E-19
 -7.0000E-01  9.5000E+00  2.0216E-21
 -7.0000E-01  1.0000E+01  1.1257E-23
 -7.0000E-01  1.0500E+01  4.7790E-26
 -7.0000E-01  1.1000E+01  1.5470E-28
 -7.0000E-01  1.1500E+01  3.8197E-31
 -7.0000E-01  1.2000E+01  7.1942E-34
 -7.0000E-01  1.2500E+01  1.0338E-36
 -7.0000E-01  1.3000E+01  1.1336E-39
 -7.0000E-01  1.3500E+01  9.4859E-43
 -7.0000E-01  1.4000E+01  6.0585E-46
 -7.0000E-01  1.4500E+01  2.9536E-49
 -7.0000E-01  1.5000E+01  1.0992E-52
 -6.0000E-01  5.0000E-01  1.0481E-01
 -6.0000E-01  1.0000E+00  1.4006E-01
 -6.0000E-01  1.5000E+00  1.0729E-01
 -6.0000E-01  2.0000E+00  5.5832E-02
 -6.0000E-01  2.5000E+00  2.0818E-02
 -6.0000E-01  3.0000E+00  5.6953E-03
 -6.0000E-01  3.5000E+00  1.1578E-03
 -6.0000E-01  4.0000E+00  1.7620E-04
 -6.0000E-01  4.5000E+00  2.0176E-05
 -6.0000E-01  5.0000E+00  1.7438E-06
 -6.0000E-01  5.5000E+00  1.1404E-07
 -6.0000E-01  6.0000E+00  5.6529E-09
 -6.0000E-01  6.5000E+00  2.1267E-10
 -6.0000E-01  7.0000E+00  6.0789E-12
 -6.0000E-01  7.5000E+00  1.3212E-13
 -6.0000E-01  8.0000E+00  2.1850E-15
 -6.0000E-01  8.5000E+00  2.7508E-17
 -6.0000E-01  9.0000E+00  2.6378E-19
 -6.0000E-01  9.5000E+00  1.9272E-21
 -6.0000E-01  1.0000E+01  1.0731E-23
 -6.0000E-01  1.0500E+01  4.5557E-26
 -6.0000E-01  1.1000E+01  1.4748E-28
 -6.0000E-01  1.1500E+01  3.6412E-31
 -6.0000E-01  1.2000E+01  6.8581E-34
 -6.0000E-01  1.2500E+01  9.8550E-37
 -6.0000E-01  1.3000E+01  1.0806E-39
 -6.0000E-01  1.3500E+01  9.0427E-43
 -6.0000E-01  1.4000E+01  5.7754E-46
 -6.0000E-01  1.4500E+01  2.8156E-49
 -6.0000E-01  1.5000E+01  1.0478E-52
 -5.0000E-01  5.0000E-01  9.5845E-02
 -5.0000E-01  1.0000E+00  1.2808E-01
 -5.0000E-01  1.5000E+00  9.8109E-02
 -5.0000E-01  2.0000E+00  5.1055E-02
 -5.0000E-01  2.5000E+00  1.9037E-02
 -5.0000E-01  3.0000E+00  5.2080E-03
 -5.0000E-01  3.5000E+00  1.0587E-03
 -5.0000E-01  4.0000E+00  1.6113E-04
 -5.0000E-01  4.5000E+00  1.8449E-05
 -5.0000E-01  5.0000E+00  1.5946E-06
 -5.0000E-01  5.5000E+00  1.0428E-07
 -5.0000E-01  6.0000E+00  5.1692E-09
 -5.0000E-01  6.5000E+00  1.9447E-10
 -5.0000E-01  7.0000E+00  5.5588E-12
 -5.0000E-01  7.5000E+00  1.2082E-13
 -5.0000E-01  8.0000E+00  1.9980E-15
 -5.0000E-01  8.5000E+00  2.5155E-17
 -5.0000E-01  9.0000E+00  2.4121E-19
 -5.0000E-01  9.5000E+00  1.7623E-21
 -5.0000E-01  1.0000E+01  9.8131E-24
 -5.0000E-01  1.0500E+01  4.1659E-26
 -5.0000E-01  1.1000E+01  1.3486E-28
 -5.0000E-01  1.1500E+01  3.3296E-31
 -5.0000E-01  1.2000E+01  6.2713E-34
 -5.0000E-01  1.2500E+01  9.0118E-37
 -5.0000E-01  1.3000E+01  9.8816E-40
 -5.0000E-01  1.3500E+01  8.2690E-43
 -5.0000E-01  1.4000E+01  5.2812E-46
 -5.0000E-01  1.4500E+01  2.5747E-49
 -5.0000E-01  1.5000E+01  9.5817E-53
 -4.0000E-01  5.0000E-01  8.3165E-02
 -4.0000E-01  1.0000E+00  1.1114E-01
 -4.0000E-01  1.5000E+00  8.5129E-02
 -4.0000E-01  2.0000E+00  4.4300E-02
 -4.0000E-01  2.5000E+00  1.6518E-02
 -4.0000E-01  3.0000E+00  4.5190E-03
 -4.0000E-01  3.5000E+00  9.1863E-04
 -4.0000E-01  4.0000E+00  1.3981E-04
 -4.0000E-01  4.5000E+00  1.6008E-05
 -4.0000E-01  5.0000E+00  1.3836E-06
 -4.0000E-01  5.5000E+00  9.0487E-08
 -4.0000E-01  6.0000E+00  4.4853E-09
 -4.0000E-01  6.5000E+00  1.6875E-10
 -4.0000E-01  7.0000E+00  4.8234E-12
 -4.0000E-01  7.5000E+00  1.0483E-13
 -4.0000E-01  8.0000E+00  1.7337E-15
 -4.0000E-01  8.5000E+00  2.1827E-17
 -4.0000E-01  9.0000E+00  2.0930E-19
 -4.0000E-01  9.5000E+00  1.5291E-21
 -4.0000E-01  1.0000E+01  8.5149E-24
 -4.0000E-01  1.0500E+01  3.6147E-26
 -4.0000E-01  1.1000E+01  1.1702E-28
 -4.0000E-01  1.1500E+01  2.8892E-31
 -4.0000E-01  1.2000E+01  5.4416E-34
 -4.0000E-01  1.2500E+01  7.8196E-37
 -4.0000E-01  1.3000E+01  8.5743E-40
 -4.0000E-01  1.3500E+01  7.1750E-43
 -4.0000E-01  1.4000E+01  4.5826E-46
 -4.0000E-01  1.4500E+01  2.2340E-49
 -4.0000E-01  1.5000E+01  8.3140E-53
 -3.0000E-01  5.0000E-01  6.7161E-02
 -3.0000E-01  1.0000E+00  8.9749E-02
 -3.0000E-01  1.5000E+00  6.8747E-02
 -3.0000E-01  2.0000E+00  3.5775E-02
 -3.0000E-01  2.5000E+00  1.3339E-02
 -3.0000E-01  3.0000E+00  3.6494E-03
 -3.0000E-01  3.5000E+00  7.4185E-04
 -3.0000E-01  4.0000E+00  1.1291E-04
 -3.0000E-01  4.5000E+00  1.2928E-05
 -3.0000E-01  5.0000E+00  1.1174E-06
 -3.0000E-01  5.5000E+00  7.3074E-08
 -3.0000E-01  6.0000E+00  3.6222E-09
 -3.0000E-01  6.5000E+00  1.3627E-10
 -3.0000E-01  7.0000E+00  3.8952E-12
 -3.0000E-01  7.5000E+00  8.4659E-14
 -3.0000E-01  8.0000E+00  1.4001E-15
 -3.0000E-01  8.5000E+00  1.7627E-17
 -3.0000E-01  9.0000E+00  1.6902E-19
 -3.0000E-01  9.5000E+00  1.2349E-21
 -3.0000E-01  1.0000E+01  6.8763E-24
 -3.0000E-01  1.0500E+01  2.9191E-26
 -3.0000E-01  1.1000E+01  9.4498E-29
 -3.0000E-01  1.1500E+01  2.3332E-31
 -3.0000E-01  1.2000E+01  4.3944E-34
 -3.0000E-01  1.2500E+01  6.3148E-37
 -3.0000E-01  1.3000E+01  6.9243E-40
 -3.0000E-01  1.3500E+01  5.7943E-43
 -3.0000E-01  1.4000E+01  3.7007E-46
 -3.0000E-01  1.4500E+01  1.8041E-49
 -3.0000E-01  1.5000E+01  6.7141E-53
 -2.0000E-01  5.0000E-01  4.8241E-02
 -2.0000E-01  1.0000E+00  6.4466E-02
 -2.0000E-01  1.5000E+00  4.9381E-02
 -2.0000E-01  2.0000E+00  2.5697E-02
 -2.0000E-01  2.5000E+00  9.5816E-03
 -2.0000E-01  3.0000E+00  2.6213E-03
 -2.0000E-01  3.5000E+00  5.3286E-04
 -2.0000E-01  4.0000E+00  8.1099E-05
 -2.0000E-01  4.5000E+00  9.2860E-06
 -2.0000E-01  5.0000E+00  8.0260E-07
 -2.0000E-01  5.5000E+00  5.2488E-08
 -2.0000E-01  6.0000E+00  2.6018E-09
 -2.0000E-01  6.5000E+00  9.7884E-11
 -2.0000E-01  7.0000E+00  2.7979E-12
 -2.0000E-01  7.5000E+00  6.0810E-14
 -2.0000E-01  8.0000E+00  1.0056E-15
 -2.0000E-01  8.5000E+00  1.2661E-17
 -2.0000E-01  9.0000E+00  1.2141E-19
 -2.0000E-01  9.5000E+00  8.8700E-22
 -2.0000E-01  1.0000E+01  4.9392E-24
 -2.0000E-01  1.0500E+01  2.0968E-26
 -2.0000E-01  1.1000E+01  6.7877E-29
 -2.0000E-01  1.1500E+01  1.6759E-31
 -2.0000E-01  1.2000E+01  3.1565E-34
 -2.0000E-01  1.2500E+01  4.5359E-37
 -2.0000E-01  1.3000E+01  4.9736E-40
 -2.0000E-01  1.3500E+01  4.1620E-43
 -2.0000E-01  1.4000E+01  2.6582E-46
 -2.0000E-01  1.4500E+01  1.2959E-49
 -2.0000E-01  1.5000E+01  4.8227E-53
 -1.0000E-01  5.0000E-01  2.7119E-02
 -1.0000E-01  1.0000E+00  3.6240E-02
 -1.0000E-01  1.5000E+00  2.7760E-02
 -1.0000E-01  2.0000E+00  1.4446E-02
 -1.0000E-01  2.5000E+00  5.3864E-03
 -1.0000E-01  3.0000E+00  1.4736E-03
 -1.0000E-01  3.5000E+00  2.9955E-04
 -1.0000E-01  4.0000E+00  4.5590E-05
 -1.0000E-01  4.5000E+00  5.2202E-06
 -1.0000E-01  5.0000E+00  4.5119E-07
 -1.0000E-01  5.5000E+00  2.9506E-08
 -1.0000E-01  6.0000E+00  1.4626E-09
 -1.0000E-01  6.5000E+00  5.5026E-11
 -1.0000E-01  7.0000E+00  1.5728E-12
 -1.0000E-01  7.5000E+00  3.4185E-14
 -1.0000E-01  8.0000E+00  5.6533E-16
 -1.0000E-01  8.5000E+00  7.1174E-18
 -1.0000E-01  9.0000E+00  6.8249E-20
 -1.0000E-01  9.5000E+00  4.9863E-22
 -1.0000E-01  1.0000E+01  2.7766E-24
 -1.0000E-01  1.0500E+01  1.1787E-26
 -1.0000E-01  1.1000E+01  3.8157E-29
 -1.0000E-01  1.1500E+01  9.4211E-32
 -1.0000E-01  1.2000E+01  1.7744E-34
 -1.0000E-01  1.2500E+01  2.5499E-37
 -1.0000E-01  1.3000E+01  2.7960E-40
 -1.0000E-01  1.3500E+01  2.3397E-43
 -1.0000E-01  1.4000E+01  1.4943E-46
 -1.0000E-01  1.4500E+01  7.2849E-50
 -1.0000E-01  1.5000E+01  2.7111E-53
  0.0000E+00  5.0000E-01  4.5426E-03
  0.0000E+00  1.0000E+00  6.0703E-03
  0.0000E+00  1.5000E+00  4.6498E-03
  0.0000E+00  2.0000E+00  2.4197E-03
  0.0000E+00  2.5000E+00  9.0224E-04
  0.0000E+00  3.0000E+00  2.4683E-04
  0.0000E+00  3.5000E+00  5.0176E-05
  0.0000E+00  4.0000E+00  7.6365E-06
  0.0000E+00  4.5000E+00  8.7440E-07
  0.0000E+00  5.0000E+00  7.5576E-08
  0.0000E+00  5.5000E+00  4.9425E-09
  0.0000E+00  6.0000E+00  2.4499E-10
  0.0000E+00  6.5000E+00  9.2171E-12
  0.0000E+00  7.0000E+00  2.6346E-13
  0.0000E+00  7.5000E+00  5.7261E-15
  0.0000E+00  8.0000E+00  9.4695E-17
  0.0000E+00  8.5000E+00  1.1922E-18
  0.0000E+00  9.0000E+00  1.1432E-20
  0.0000E+00  9.5000E+00  8.3523E-23
  0.0000E+00  1.0000E+01  4.6509E-25
  0.0000E+00  1.0500E+01  1.9744E-27
  0.0000E+00  1.1000E+01  6.3915E-30
  0.0000E+00  1.1500E+01  1.5781E-32
  0.0000E+00  1.2000E+01  2.9723E-35
  0.0000E+00  1.2500E+01  4.2711E-38
  0.0000E+00  1.3000E+01  4.6834E-41
  0.0000E+00  1.3500E+01  3.9191E-44
  0.0000E+00  1.4000E+01  2.5030E-47
  0.0000E+00  1.4500E+01  1.2203E-50
  0.0000E+00  1.5000E+01  4.5412E-54
  1.0000E-01  5.0000E-01 -1.8533E-02
  1.0000E-01  1.0000E+00 -2.4767E-02
  1.0000E-01  1.5000E+00 -1.8971E-02
  1.0000E-01  2.0000E+00 -9.8723E-03
  1.0000E-01  2.5000E+00 -3.6811E-03
  1.0000E-01  3.0000E+00 -1.0071E-03
  1.0000E-01  3.5000E+00 -2.0472E-04
  1.0000E-01  4.0000E+00 -3.1157E-05
  1.0000E-01  4.5000E+00 -3.5675E-06
  1.0000E-01  5.0000E+00 -3.0834E-07
  1.0000E-01  5.5000E+00 -2.0165E-08
  1.0000E-01  6.0000E+00 -9.9956E-10
  1.0000E-01  6.5000E+00 -3.7605E-11
  1.0000E-01  7.0000E+00 -1.0749E-12
  1.0000E-01  7.5000E+00 -2.3362E-14
  1.0000E-01  8.0000E+00 -3.8635E-16
  1.0000E-01  8.5000E+00 -4.8641E-18
  1.0000E-01  9.0000E+00 -4.6642E-20
  1.0000E-01  9.5000E+00 -3.4077E-22
  1.0000E-01  1.0000E+01 -1.8975E-24
  1.0000E-01  1.0500E+01 -8.0555E-27
  1.0000E-01  1.1000E+01 -2.6077E-29
  1.0000E-01  1.1500E+01 -6.4385E-32
  1.0000E-01  1.2000E+01 -1.2127E-34
  1.0000E-01  1.2500E+01 -1.7426E-37
  1.0000E-01  1.3000E+01 -1.9108E-40
  1.0000E-01  1.3500E+01 -1.5990E-43
  1.0000E-01  1.4000E+01 -1.0212E-46
  1.0000E-01  1.4500E+01 -4.9786E-50
  1.0000E-01  1.5000E+01 -1.8528E-53
  2.0000E-01  5.0000E-01 -4.1057E-02
  2.0000E-01  1.0000E+00 -5.4865E-02
  2.0000E-01  1.5000E+00 -4.2026E-02
  2.0000E-01  2.0000E+00 -2.1870E-02
  2.0000E-01  2.5000E+00 -8.1546E-03
  2.0000E-01  3.0000E+00 -2.2309E-03
  2.0000E-01  3.5000E+00 -4.5351E-04
  2.0000E-01  4.0000E+00 -6.9021E-05
  2.0000E-01  4.5000E+00 -7.9030E-06
  2.0000E-01  5.0000E+00 -6.8307E-07
  2.0000E-01  5.5000E+00 -4.4671E-08
  2.0000E-01  6.0000E+00 -2.2143E-09
  2.0000E-01  6.5000E+00 -8.3306E-11
  2.0000E-01  7.0000E+00 -2.3812E-12
  2.0000E-01  7.5000E+00 -5.1754E-14
  2.0000E-01  8.0000E+00 -8.5588E-16
  2.0000E-01  8.5000E+00 -1.0775E-17
  2.0000E-01  9.0000E+00 -1.0332E-19
  2.0000E-01  9.5000E+00 -7.5490E-22
  2.0000E-01  1.0000E+01 -4.2036E-24
  2.0000E-01  1.0500E+01 -1.7845E-26
  2.0000E-01  1.1000E+01 -5.7768E-29
  2.0000E-01  1.1500E+01 -1.4263E-31
  2.0000E-01  1.2000E+01 -2.6864E-34
  2.0000E-01  1.2500E+01 -3.8603E-37
  2.0000E-01  1.3000E+01 -4.2329E-40
  2.0000E-01  1.3500E+01 -3.5421E-43
  2.0000E-01  1.4000E+01 -2.2623E-46
  2.0000E-01  1.4500E+01 -1.1029E-49
  2.0000E-01  1.5000E+01 -4.1045E-53
  3.0000E-01  5.0000E-01 -6.1852E-02
  3.0000E-01  1.0000E+00 -8.2654E-02
  3.0000E-01  1.5000E+00 -6.3313E-02
  3.0000E-01  2.0000E+00 -3.2947E-02
  3.0000E-01  2.5000E+00 -1.2285E-02
  3.0000E-01  3.0000E+00 -3.3609E-03
  3.0000E-01  3.5000E+00 -6.8321E-04
  3.0000E-01  4.0000E+00 -1.0398E-04
  3.0000E-01  4.5000E+00 -1.1906E-05
  3.0000E-01  5.0000E+00 -1.0290E-06
  3.0000E-01  5.5000E+00 -6.7297E-08
  3.0000E-01  6.0000E+00 -3.3359E-09
  3.0000E-01  6.5000E+00 -1.2550E-10
  3.0000E-01  7.0000E+00 -3.5873E-12
  3.0000E-01  7.5000E+00 -7.7967E-14
  3.0000E-01  8.0000E+00 -1.2894E-15
  3.0000E-01  8.5000E+00 -1.6233E-17
  3.0000E-01  9.0000E+00 -1.5566E-19
  3.0000E-01  9.5000E+00 -1.1373E-21
  3.0000E-01  1.0000E+01 -6.3327E-24
  3.0000E-01  1.0500E+01 -2.6884E-26
  3.0000E-01  1.1000E+01 -8.7028E-29
  3.0000E-01  1.1500E+01 -2.1487E-31
  3.0000E-01  1.2000E+01 -4.0471E-34
  3.0000E-01  1.2500E+01 -5.8156E-37
  3.0000E-01  1.3000E+01 -6.3769E-40
  3.0000E-01  1.3500E+01 -5.3363E-43
  3.0000E-01  1.4000E+01 -3.4082E-46
  3.0000E-01  1.4500E+01 -1.6615E-49
  3.0000E-01  1.5000E+01 -6.1834E-53
  4.0000E-01  5.0000E-01 -7.9587E-02
  4.0000E-01  1.0000E+00 -1.0635E-01
  4.0000E-01  1.5000E+00 -8.1466E-02
  4.0000E-01  2.0000E+00 -4.2394E-02
  4.0000E-01  2.5000E+00 -1.5807E-02
  4.0000E-01  3.0000E+00 -4.3245E-03
  4.0000E-01  3.5000E+00 -8.7910E-04
  4.0000E-01  4.0000E+00 -1.3379E-04
  4.0000E-01  4.5000E+00 -1.5320E-05
  4.0000E-01  5.0000E+00 -1.3241E-06
  4.0000E-01  5.5000E+00 -8.6593E-08
  4.0000E-01  6.0000E+00 -4.2924E-09
  4.0000E-01  6.5000E+00 -1.6149E-10
  4.0000E-01  7.0000E+00 -4.6158E-12
  4.0000E-01  7.5000E+00 -1.0032E-13
  4.0000E-01  8.0000E+00 -1.6591E-15
  4.0000E-01  8.5000E+00 -2.0888E-17
  4.0000E-01  9.0000E+00 -2.0029E-19
  4.0000E-01  9.5000E+00 -1.4633E-21
  4.0000E-01  1.0000E+01 -8.1485E-24
  4.0000E-01  1.0500E+01 -3.4592E-26
  4.0000E-01  1.1000E+01 -1.1198E-28
  4.0000E-01  1.1500E+01 -2.7648E-31
  4.0000E-01  1.2000E+01 -5.2075E-34
  4.0000E-01  1.2500E+01 -7.4831E-37
  4.0000E-01  1.3000E+01 -8.2053E-40
  4.0000E-01  1.3500E+01 -6.8663E-43
  4.0000E-01  1.4000E+01 -4.3854E-46
  4.0000E-01  1.4500E+01 -2.1379E-49
  4.0000E-01  1.5000E+01 -7.9563E-53
  5.0000E-01  5.0000E-01 -9.3105E-02
  5.0000E-01  1.0000E+00 -1.2442E-01
  5.0000E-01  1.5000E+00 -9.5304E-02
  5.0000E-01  2.0000E+00 -4.9595E-02
  5.0000E-01  2.5000E+00 -1.8492E-02
  5.0000E-01  3.0000E+00 -5.0591E-03
  5.0000E-01  3.5000E+00 -1.0284E-03
  5.0000E-01  4.0000E+00 -1.5652E-04
  5.0000E-01  4.5000E+00 -1.7922E-05
  5.0000E-01  5.0000E+00 -1.5490E-06
  5.0000E-01  5.5000E+00 -1.0130E-07
  5.0000E-01  6.0000E+00 -5.0214E-09
  5.0000E-01  6.5000E+00 -1.8891E-10
  5.0000E-01  7.0000E+00 -5.3998E-12
  5.0000E-01  7.5000E+00 -1.1736E-13
  5.0000E-01  8.0000E+00 -1.9409E-15
  5.0000E-01  8.5000E+00 -2.4436E-17
  5.0000E-01  9.0000E+00 -2.3431E-19
  5.0000E-01  9.5000E+00 -1.7119E-21
  5.0000E-01  1.0000E+01 -9.5326E-24
  5.0000E-01  1.0500E+01 -4.0468E-26
  5.0000E-01  1.1000E+01 -1.3100E-28
  5.0000E-01  1.1500E+01 -3.2345E-31
  5.0000E-01  1.2000E+01 -6.0920E-34
  5.0000E-01  1.2500E+01 -8.7541E-37
  5.0000E-01  1.3000E+01 -9.5990E-40
  5.0000E-01  1.3500E+01 -8.0326E-43
  5.0000E-01  1.4000E+01 -5.1302E-46
  5.0000E-01  1.4500E+01 -2.5010E-49
  5.0000E-01  1.5000E+01 -9.3077E-53
  6.0000E-01  5.0000E-01 -1.0134E-01
  6.0000E-01  1.0000E+00 -1.3542E-01
  6.0000E-01  1.5000E+00 -1.0373E-01
  6.0000E-01  2.0000E+00 -5.3982E-02
  6.0000E-01  2.5000E+00 -2.0128E-02
  6.0000E-01  3.0000E+00 -5.5066E-03
  6.0000E-01  3.5000E+00 -1.1194E-03
  6.0000E-01  4.0000E+00 -1.7036E-04
  6.0000E-01  4.5000E+00 -1.9507E-05
  6.0000E-01  5.0000E+00 -1.6860E-06
  6.0000E-01  5.5000E+00 -1.1026E-07
  6.0000E-01  6.0000E+00 -5.4656E-09
  6.0000E-01  6.5000E+00 -2.0562E-10
  6.0000E-01  7.0000E+00 -5.8775E-12
  6.0000E-01  7.5000E+00 -1.2774E-13
  6.0000E-01  8.0000E+00 -2.1126E-15
  6.0000E-01  8.5000E+00 -2.6597E-17
  6.0000E-01  9.0000E+00 -2.5504E-19
  6.0000E-01  9.5000E+00 -1.8633E-21
  6.0000E-01  1.0000E+01 -1.0376E-23
  6.0000E-01  1.0500E+01 -4.4047E-26
  6.0000E-01  1.1000E+01 -1.4259E-28
  6.0000E-01  1.1500E+01 -3.5206E-31
  6.0000E-01  1.2000E+01 -6.6308E-34
  6.0000E-01  1.2500E+01 -9.5285E-37
  6.0000E-01  1.3000E+01 -1.0448E-39
  6.0000E-01  1.3500E+01 -8.7431E-43
  6.0000E-01  1.4000E+01 -5.5840E-46
  6.0000E-01  1.4500E+01 -2.7223E-49
  6.0000E-01  1.5000E+01 -1.0131E-52
  7.0000E-01  5.0000E-01 -1.0358E-01
  7.0000E-01  1.0000E+00 -1.3842E-01
  7.0000E-01  1.5000E+00 -1.0603E-01
  7.0000E-01  2.0000E+00 -5.5177E-02
  7.0000E-01  2.5000E+00 -2.0574E-02
  7.0000E-01  3.0000E+00 -5.6285E-03
  7.0000E-01  3.5000E+00 -1.1442E-03
  7.0000E-01  4.0000E+00 -1.7414E-04
  7.0000E-01  4.5000E+00 -1.9939E-05
  7.0000E-01  5.0000E+00 -1.7234E-06
  7.0000E-01  5.5000E+00 -1.1270E-07
  7.0000E-01  6.0000E+00 -5.5866E-09
  7.0000E-01  6.5000E+00 -2.1018E-10
  7.0000E-01  7.0000E+00 -6.0076E-12
  7.0000E-01  7.5000E+00 -1.3057E-13
  7.0000E-01  8.0000E+00 -2.1593E-15
  7.0000E-01  8.5000E+00 -2.7186E-17
  7.0000E-01  9.0000E+00 -2.6068E-19
  7.0000E-01  9.5000E+00 -1.9046E-21
  7.0000E-01  1.0000E+01 -1.0606E-23
  7.0000E-01  1.0500E+01 -4.5023E-26
  7.0000E-01  1.1000E+01 -1.4575E-28
  7.0000E-01  1.1500E+01 -3.5985E-31
  7.0000E-01  1.2000E+01 -6.7777E-34
  7.0000E-01  1.2500E+01 -9.7395E-37
  7.0000E-01  1.3000E+01 -1.0679E-39
  7.0000E-01  1.3500E+01 -8.9367E-43
  7.0000E-01  1.4000E+01 -5.7077E-46
  7.0000E-01  1.4500E+01 -2.7826E-49
  7.0000E-01  1.5000E+01 -1.0355E-52
  8.0000E-01  5.0000E-01 -9.9261E-02
  8.0000E-01  1.0000E+00 -1.3264E-01
  8.0000E-01  1.5000E+00 -1.0161E-01
  8.0000E-01  2.0000E+00 -5.2874E-02
  8.0000E-01  2.5000E+00 -1.9715E-02
  8.0000E-01  3.0000E+00 -5.3936E-03
  8.0000E-01  3.5000E+00 -1.0964E-03
  8.0000E-01  4.0000E+00 -1.6687E-04
  8.0000E-01  4.5000E+00 -1.9107E-05
  8.0000E-01  5.0000E+00 -1.6514E-06
  8.0000E-01  5.5000E+00 -1.0800E-07
  8.0000E-01  6.0000E+00 -5.3534E-09
  8.0000E-01  6.5000E+00 -2.0141E-10
  8.0000E-01  7.0000E+00 -5.7569E-12
  8.0000E-01  7.5000E+00 -1.2512E-13
  8.0000E-01  8.0000E+00 -2.0692E-15
  8.0000E-01  8.5000E+00 -2.6051E-17
  8.0000E-01  9.0000E+00 -2.4980E-19
  8.0000E-01  9.5000E+00 -1.8251E-21
  8.0000E-01  1.0000E+01 -1.0163E-23
  8.0000E-01  1.0500E+01 -4.3144E-26
  8.0000E-01  1.1000E+01 -1.3966E-28
  8.0000E-01  1.1500E+01 -3.4483E-31
  8.0000E-01  1.2000E+01 -6.4948E-34
  8.0000E-01  1.2500E+01 -9.3330E-37
  8.0000E-01  1.3000E+01 -1.0234E-39
  8.0000E-01  1.3500E+01 -8.5637E-43
  8.0000E-01  1.4000E+01 -5.4695E-46
  8.0000E-01  1.4500E+01 -2.6664E-49
  8.0000E-01  1.5000E+01 -9.9232E-53
  9.0000E-01  5.0000E-01 -8.9817E-02
  9.0000E-01  1.0000E+00 -1.2002E-01
  9.0000E-01  1.5000E+00 -9.1938E-02
  9.0000E-01  2.0000E+00 -4.7844E-02
  9.0000E-01  2.5000E+00 -1.7839E-02
  9.0000E-01  3.0000E+00 -4.8804E-03
  9.0000E-01  3.5000E+00 -9.9210E-04
  9.0000E-01  4.0000E+00 -1.5099E-04
  9.0000E-01  4.5000E+00 -1.7289E-05
  9.0000E-01  5.0000E+00 -1.4943E-06
  9.0000E-01  5.5000E+00 -9.7724E-08
  9.0000E-01  6.0000E+00 -4.8441E-09
  9.0000E-01  6.5000E+00 -1.8224E-10
  9.0000E-01  7.0000E+00 -5.2092E-12
  9.0000E-01  7.5000E+00 -1.1322E-13
  9.0000E-01  8.0000E+00 -1.8723E-15
  9.0000E-01  8.5000E+00 -2.3573E-17
  9.0000E-01  9.0000E+00 -2.2604E-19
  9.0000E-01  9.5000E+00 -1.6514E-21
  9.0000E-01  1.0000E+01 -9.1959E-24
  9.0000E-01  1.0500E+01 -3.9039E-26
  9.0000E-01  1.1000E+01 -1.2638E-28
  9.0000E-01  1.1500E+01 -3.1202E-31
  9.0000E-01  1.2000E+01 -5.8768E-34
  9.0000E-01  1.2500E+01 -8.4450E-37
  9.0000E-01  1.3000E+01 -9.2601E-40
  9.0000E-01  1.3500E+01 -7.7489E-43
  9.0000E-01  1.4000E+01 -4.9491E-46
  9.0000E-01  1.4500E+01 -2.4127E-49
  9.0000E-01  1.5000E+01 -8.9790E-53
  1.0000E+00  5.0000E-01 -7.8532E-02
  1.0000E+00  1.0000E+00 -1.0494E-01
  1.0000E+00  1.5000E+00 -8.0387E-02
  1.0000E+00  2.0000E+00 -4.1832E-02
  1.0000E+00  2.5000E+00 -1.5598E-02
  1.0000E+00  3.0000E+00 -4.2672E-03
  1.0000E+00  3.5000E+00 -8.6745E-04
  1.0000E+00  4.0000E+00 -1.3202E-04
  1.0000E+00  4.5000E+00 -1.5117E-05
  1.0000E+00  5.0000E+00 -1.3066E-06
  1.0000E+00  5.5000E+00 -8.5446E-08
  1.0000E+00  6.0000E+00 -4.2355E-09
  1.0000E+00  6.5000E+00 -1.5935E-10
  1.0000E+00  7.0000E+00 -4.5547E-12
  1.0000E+00  7.5000E+00 -9.8993E-14
  1.0000E+00  8.0000E+00 -1.6371E-15
  1.0000E+00  8.5000E+00 -2.0611E-17
  1.0000E+00  9.0000E+00 -1.9764E-19
  1.0000E+00  9.5000E+00 -1.4439E-21
  1.0000E+00  1.0000E+01 -8.0405E-24
  1.0000E+00  1.0500E+01 -3.4134E-26
  1.0000E+00  1.1000E+01 -1.1050E-28
  1.0000E+00  1.1500E+01 -2.7282E-31
  1.0000E+00  1.2000E+01 -5.1385E-34
  1.0000E+00  1.2500E+01 -7.3839E-37
  1.0000E+00  1.3000E+01 -8.0966E-40
  1.0000E+00  1.3500E+01 -6.7753E-43
  1.0000E+00  1.4000E+01 -4.3273E-46
  1.0000E+00  1.4500E+01 -2.1096E-49
  1.0000E+00  1.5000E+01 -7.8509E-53
  1.1000E+00  5.0000E-01 -6.4755E-02
  1.1000E+00  1.0000E+00 -8.6533E-02
  1.1000E+00  1.5000E+00 -6.6284E-02
  1.1000E+00  2.0000E+00 -3.4494E-02
  1.1000E+00  2.5000E+00 -1.2862E-02
  1.1000E+00  3.0000E+00 -3.5186E-03
  1.1000E+00  3.5000E+00 -7.1527E-04
  1.1000E+00  4.0000E+00 -1.0886E-04
  1.1000E+00  4.5000E+00 -1.2465E-05
  1.1000E+00  5.0000E+00 -1.0773E-06
  1.1000E+00  5.5000E+00 -7.0456E-08
  1.1000E+00  6.0000E+00 -3.4924E-09
  1.1000E+00  6.5000E+00 -1.3139E-10
  1.1000E+00  7.0000E+00 -3.7556E-12
  1.1000E+00  7.5000E+00 -8.1627E-14
  1.1000E+00  8.0000E+00 -1.3499E-15
  1.1000E+00  8.5000E+00 -1.6995E-17
  1.1000E+00  9.0000E+00 -1.6296E-19
  1.1000E+00  9.5000E+00 -1.1906E-21
  1.1000E+00  1.0000E+01 -6.6299E-24
  1.1000E+00  1.0500E+01 -2.8146E-26
  1.1000E+00  1.1000E+01 -9.1113E-29
  1.1000E+00  1.1500E+01 -2.2496E-31
  1.1000E+00  1.2000E+01 -4.2370E-34
  1.1000E+00  1.2500E+01 -6.0886E-37
  1.1000E+00  1.3000E+01 -6.6762E-40
  1.1000E+00  1.3500E+01 -5.5867E-43
  1.1000E+00  1.4000E+01 -3.5681E-46
  1.1000E+00  1.4500E+01 -1.7395E-49
  1.1000E+00  1.5000E+01 -6.4736E-53
  1.2000E+00  5.0000E-01 -4.9657E-02
  1.2000E+00  1.0000E+00 -6.6358E-02
  1.2000E+00  1.5000E+00 -5.0830E-02
  1.2000E+00  2.0000E+00 -2.6451E-02
  1.2000E+00  2.5000E+00 -9.8628E-03
  1.2000E+00  3.0000E+00 -2.6982E-03
  1.2000E+00  3.5000E+00 -5.4850E-04
  1.2000E+00  4.0000E+00 -8.3479E-05
  1.2000E+00  4.5000E+00 -9.5585E-06
  1.2000E+00  5.0000E+00 -8.2616E-07
  1.2000E+00  5.5000E+00 -5.4029E-08
  1.2000E+00  6.0000E+00 -2.6782E-09
  1.2000E+00  6.5000E+00 -1.0076E-10
  1.2000E+00  7.0000E+00 -2.8800E-12
  1.2000E+00  7.5000E+00 -6.2595E-14
  1.2000E+00  8.0000E+00 -1.0352E-15
  1.2000E+00  8.5000E+00 -1.3033E-17
  1.2000E+00  9.0000E+00 -1.2497E-19
  1.2000E+00  9.5000E+00 -9.1303E-22
  1.2000E+00  1.0000E+01 -5.0842E-24
  1.2000E+00  1.0500E+01 -2.1583E-26
  1.2000E+00  1.1000E+01 -6.9869E-29
  1.2000E+00  1.1500E+01 -1.7251E-31
  1.2000E+00  1.2000E+01 -3.2491E-34
  1.2000E+00  1.2500E+01 -4.6690E-37
  1.2000E+00  1.3000E+01 -5.1196E-40
  1.2000E+00  1.3500E+01 -4.2841E-43
  1.2000E+00  1.4000E+01 -2.7362E-46
  1.2000E+00  1.4500E+01 -1.3339E-49
  1.2000E+00  1.5000E+01 -4.9642E-53
  1.3000E+00  5.0000E-01 -3.4701E-02
  1.3000E+00  1.0000E+00 -4.6372E-02
  1.3000E+00  1.5000E+00 -3.5521E-02
  1.3000E+00  2.0000E+00 -1.8485E-02
  1.3000E+00  2.5000E+00 -6.8923E-03
  1.3000E+00  3.0000E+00 -1.8856E-03
  1.3000E+00  3.5000E+00 -3.8330E-04
  1.3000E+00  4.0000E+00 -5.8337E-05
  1.3000E+00  4.5000E+00 -6.6797E-06
  1.3000E+00  5.0000E+00 -5.7733E-07
  1.3000E+00  5.5000E+00 -3.7756E-08
  1.3000E+00  6.0000E+00 -1.8715E-09
  1.3000E+00  6.5000E+00 -7.0411E-11
  1.3000E+00  7.0000E+00 -2.0126E-12
  1.3000E+00  7.5000E+00 -4.3743E-14
  1.3000E+00  8.0000E+00 -7.2339E-16
  1.3000E+00  8.5000E+00 -9.1074E-18
  1.3000E+00  9.0000E+00 -8.7331E-20
  1.3000E+00  9.5000E+00 -6.3804E-22
  1.3000E+00  1.0000E+01 -3.5529E-24
  1.3000E+00  1.0500E+01 -1.5083E-26
  1.3000E+00  1.1000E+01 -4.8826E-29
  1.3000E+00  1.1500E+01 -1.2055E-31
  1.3000E+00  1.2000E+01 -2.2706E-34
  1.3000E+00  1.2500E+01 -3.2628E-37
  1.3000E+00  1.3000E+01 -3.5777E-40
  1.3000E+00  1.3500E+01 -2.9938E-43
  1.3000E+00  1.4000E+01 -1.9121E-46
  1.3000E+00  1.4500E+01 -9.3217E-50
  1.3000E+00  1.5000E+01 -3.4691E-53
  1.4000E+00  5.0000E-01 -2.1327E-02
  1.4000E+00  1.0000E+00 -2.8500E-02
  1.4000E+00  1.5000E+00 -2.1831E-02
  1.4000E+00  2.0000E+00 -1.1360E-02
  1.4000E+00  2.5000E+00 -4.2360E-03
  1.4000E+00  3.0000E+00 -1.1589E-03
  1.4000E+00  3.5000E+00 -2.3557E-04
  1.4000E+00  4.0000E+00 -3.5853E-05
  1.4000E+00  4.5000E+00 -4.1053E-06
  1.4000E+00  5.0000E+00 -3.5482E-07
  1.4000E+00  5.5000E+00 -2.3205E-08
  1.4000E+00  6.0000E+00 -1.1502E-09
  1.4000E+00  6.5000E+00 -4.3274E-11
  1.4000E+00  7.0000E+00 -1.2369E-12
  1.4000E+00  7.5000E+00 -2.6884E-14
  1.4000E+00  8.0000E+00 -4.4459E-16
  1.4000E+00  8.5000E+00 -5.5973E-18
  1.4000E+00  9.0000E+00 -5.3673E-20
  1.4000E+00  9.5000E+00 -3.9213E-22
  1.4000E+00  1.0000E+01 -2.1836E-24
  1.4000E+00  1.0500E+01 -9.2697E-27
  1.4000E+00  1.1000E+01 -3.0008E-29
  1.4000E+00  1.1500E+01 -7.4090E-32
  1.4000E+00  1.2000E+01 -1.3955E-34
  1.4000E+00  1.2500E+01 -2.0053E-37
  1.4000E+00  1.3000E+01 -2.1988E-40
  1.4000E+00  1.3500E+01 -1.8400E-43
  1.4000E+00  1.4000E+01 -1.1752E-46
  1.4000E+00  1.4500E+01 -5.7290E-50
  1.4000E+00  1.5000E+01 -2.1321E-53
  1.5000E+00  5.0000E-01 -1.0785E-02
  1.5000E+00  1.0000E+00 -1.4412E-02
  1.5000E+00  1.5000E+00 -1.1040E-02
  1.5000E+00  2.0000E+00 -5.7449E-03
  1.5000E+00  2.5000E+00 -2.1421E-03
  1.5000E+00  3.0000E+00 -5.8603E-04
  1.5000E+00  3.5000E+00 -1.1913E-04
  1.5000E+00  4.0000E+00 -1.8131E-05
  1.5000E+00  4.5000E+00 -2.0760E-06
  1.5000E+00  5.0000E+00 -1.7943E-07
  1.5000E+00  5.5000E+00 -1.1734E-08
  1.5000E+00  6.0000E+00 -5.8167E-10
  1.5000E+00  6.5000E+00 -2.1883E-11
  1.5000E+00  7.0000E+00 -6.2550E-13
  1.5000E+00  7.5000E+00 -1.3595E-14
  1.5000E+00  8.0000E+00 -2.2483E-16
  1.5000E+00  8.5000E+00 -2.8305E-18
  1.5000E+00  9.0000E+00 -2.7142E-20
  1.5000E+00  9.5000E+00 -1.9830E-22
  1.5000E+00  1.0000E+01 -1.1042E-24
  1.5000E+00  1.0500E+01 -4.6877E-27
  1.5000E+00  1.1000E+01 -1.5175E-29
  1.5000E+00  1.1500E+01 -3.7467E-32
  1.5000E+00  1.2000E+01 -7.0567E-35
  1.5000E+00  1.2500E+01 -1.0141E-37
  1.5000E+00  1.3000E+01 -1.1119E-40
  1.5000E+00  1.3500E+01 -9.3047E-44
  1.5000E+00  1.4000E+01 -5.9427E-47
  1.5000E+00  1.4500E+01 -2.8971E-50
  1.5000E+00  1.5000E+01 -1.0782E-53
  1.6000E+00  5.0000E-01 -3.8911E-03
  1.6000E+00  1.0000E+00 -5.1998E-03
  1.6000E+00  1.5000E+00 -3.9830E-03
  1.6000E+00  2.0000E+00 -2.0727E-03
  1.6000E+00  2.5000E+00 -7.7285E-04
  1.6000E+00  3.0000E+00 -2.1143E-04
  1.6000E+00  3.5000E+00 -4.2981E-05
  1.6000E+00  4.0000E+00 -6.5414E-06
  1.6000E+00  4.5000E+00 -7.4900E-07
  1.6000E+00  5.0000E+00 -6.4737E-08
  1.6000E+00  5.5000E+00 -4.2337E-09
  1.6000E+00  6.0000E+00 -2.0986E-10
  1.6000E+00  6.5000E+00 -7.8953E-12
  1.6000E+00  7.0000E+00 -2.2567E-13
  1.6000E+00  7.5000E+00 -4.9049E-15
  1.6000E+00  8.0000E+00 -8.1115E-17
  1.6000E+00  8.5000E+00 -1.0212E-18
  1.6000E+00  9.0000E+00 -9.7925E-21
  1.6000E+00  9.5000E+00 -7.1545E-23
  1.6000E+00  1.0000E+01 -3.9839E-25
  1.6000E+00  1.0500E+01 -1.6913E-27
  1.6000E+00  1.1000E+01 -5.4749E-30
  1.6000E+00  1.1500E+01 -1.3518E-32
  1.6000E+00  1.2000E+01 -2.5460E-35
  1.6000E+00  1.2500E+01 -3.6586E-38
  1.6000E+00  1.3000E+01 -4.0117E-41
  1.6000E+00  1.3500E+01 -3.3570E-44
  1.6000E+00  1.4000E+01 -2.1441E-47
  1.6000E+00  1.4500E+01 -1.0453E-50
  1.6000E+00  1.5000E+01 -3.8900E-54
  1.7000E+00  5.0000E-01 -6.6913E-04
  1.7000E+00  1.0000E+00 -8.9418E-04
  1.7000E+00  1.5000E+00 -6.8493E-04
  1.7000E+00  2.0000E+00 -3.5643E-04
  1.7000E+00  2.5000E+00 -1.3290E-04
  1.7000E+00  3.0000E+00 -3.6359E-05
  1.7000E+00  3.5000E+00 -7.3911E-06
  1.7000E+00  4.0000E+00 -1.1249E-06
  1.7000E+00  4.5000E+00 -1.2880E-07
  1.7000E+00  5.0000E+00 -1.1133E-08
  1.7000E+00  5.5000E+00 -7.2804E-10
  1.7000E+00  6.0000E+00 -3.6088E-11
  1.7000E+00  6.5000E+00 -1.3577E-12
  1.7000E+00  7.0000E+00 -3.8808E-14
  1.7000E+00  7.5000E+00 -8.4347E-16
  1.7000E+00  8.0000E+00 -1.3949E-17
  1.7000E+00  8.5000E+00 -1.7561E-19
  1.7000E+00  9.0000E+00 -1.6840E-21
  1.7000E+00  9.5000E+00 -1.2303E-23
  1.7000E+00  1.0000E+01 -6.8509E-26
  1.7000E+00  1.0500E+01 -2.9084E-28
  1.7000E+00  1.1000E+01 -9.4149E-31
  1.7000E+00  1.1500E+01 -2.3246E-33
  1.7000E+00  1.2000E+01 -4.3782E-36
  1.7000E+00  1.2500E+01 -6.2915E-39
  1.7000E+00  1.3000E+01 -6.8987E-42
  1.7000E+00  1.3500E+01 -5.7729E-45
  1.7000E+00  1.4000E+01 -3.6870E-48
  1.7000E+00  1.4500E+01 -1.7975E-51
  1.7000E+00  1.5000E+01 -6.6893E-55
  1.8000E+00  5.0000E-01 -4.2564E-06
  1.8000E+00  1.0000E+00 -5.6880E-06
  1.8000E+00  1.5000E+00 -4.3570E-06
  1.8000E+00  2.0000E+00 -2.2673E-06
  1.8000E+00  2.5000E+00 -8.4541E-07
  1.8000E+00  3.0000E+00 -2.3128E-07
  1.8000E+00  3.5000E+00 -4.7016E-08
  1.8000E+00  4.0000E+00 -7.1555E-09
  1.8000E+00  4.5000E+00 -8.1932E-10
  1.8000E+00  5.0000E+00 -7.0815E-11
  1.8000E+00  5.5000E+00 -4.6311E-12
  1.8000E+00  6.0000E+00 -2.2956E-13
  1.8000E+00  6.5000E+00 -8.6365E-15
  1.8000E+00  7.0000E+00 -2.4686E-16
  1.8000E+00  7.5000E+00 -5.3654E-18
  1.8000E+00  8.0000E+00 -8.8730E-20
  1.8000E+00  8.5000E+00 -1.1171E-21
  1.8000E+00  9.0000E+00 -1.0712E-23
  1.8000E+00  9.5000E+00 -7.8262E-26
  1.8000E+00  1.0000E+01 -4.3580E-28
  1.8000E+00  1.0500E+01 -1.8500E-30
  1.8000E+00  1.1000E+01 -5.9890E-33
  1.8000E+00  1.1500E+01 -1.4787E-35
  1.8000E+00  1.2000E+01 -2.7850E-38
  1.8000E+00  1.2500E+01 -4.0021E-41
  1.8000E+00  1.3000E+01 -4.3884E-44
  1.8000E+00  1.3500E+01 -3.6722E-47
  1.8000E+00  1.4000E+01 -2.3454E-50
  1.8000E+00  1.4500E+01 -1.1434E-53
  1.8000E+00  1.5000E+01 -4.2552E-57
