 -1.8000E+00  5.0000E-01 -7.4620E-03
 -1.8000E+00  1.0000E+00 -9.9716E-03
 -1.8000E+00  1.5000E+00 -7.6382E-03
 -1.8000E+00  2.0000E+00 -3.9749E-03
 -1.8000E+00  2.5000E+00 -1.4821E-03
 -1.8000E+00  3.0000E+00 -4.0547E-04
 -1.8000E+00  3.5000E+00 -8.2424E-05
 -1.8000E+00  4.0000E+00 -1.2544E-05
 -1.8000E+00  4.5000E+00 -1.4364E-06
 -1.8000E+00  5.0000E+00 -1.2415E-07
 -1.8000E+00  5.5000E+00 -8.1189E-09
 -1.8000E+00  6.0000E+00 -4.0245E-10
 -1.8000E+00  6.5000E+00 -1.5141E-11
 -1.8000E+00  7.0000E+00 -4.3278E-13
 -1.8000E+00  7.5000E+00 -9.4062E-15
 -1.8000E+00  8.0000E+00 -1.5555E-16
 -1.8000E+00  8.5000E+00 -1.9584E-18
 -1.8000E+00  9.0000E+00 -1.8779E-20
 -1.8000E+00  9.5000E+00 -1.3720E-22
 -1.8000E+00  1.0000E+01 -7.6400E-25
 -1.8000E+00  1.0500E+01 -3.2433E-27
 -1.8000E+00  1.1000E+01 -1.0499E-29
 -1.8000E+00  1.1500E+01 -2.5923E-32
 -1.8000E+00  1.2000E+01 -4.8825E-35
 -1.8000E+00  1.2500E+01 -7.0161E-38
 -1.8000E+00  1.3000E+01 -7.6933E-41
 -1.8000E+00  1.3500E+01 -6.4378E-44
 -1.8000E+00  1.4000E+01 -4.1117E-47
 -1.8000E+00  1.4500E+01 -2.0045E-50
 -1.8000E+00  1.5000E+01 -7.4598E-54
 -1.7000E+00  5.0000E-01 -7.6711E-03
 -1.7000E+00  1.0000E+00 -1.0251E-02
 -1.7000E+00  1.5000E+00 -7.8522E-03
 -1.7000E+00  2.0000E+00 -4.0862E-03
 -1.7000E+00  2.5000E+00 -1.5236E-03
 -1.7000E+00  3.0000E+00 -4.1683E-04
 -1.7000E+00  3.5000E+00 -8.4733E-05
 -1.7000E+00  4.0000E+00 -1.2896E-05
 -1.7000E+00  4.5000E+00 -1.4766E-06
 -1.7000E+00  5.0000E+00 -1.2763E-07
 -1.7000E+00  5.5000E+00 -8.3464E-09
 -1.7000E+00  6.0000E+00 -4.1372E-10
 -1.7000E+00  6.5000E+00 -1.5565E-11
 -1.7000E+00  7.0000E+00 -4.4490E-13
 -1.7000E+00  7.5000E+00 -9.6697E-15
 -1.7000E+00  8.0000E+00 -1.5991E-16
 -1.7000E+00  8.5000E+00 -2.0133E-18
 -1.7000E+00  9.0000E+00 -1.9305E-20
 -1.7000E+00  9.5000E+00 -1.4105E-22
 -1.7000E+00  1.0000E+01 -7.8540E-25
 -1.7000E+00  1.0500E+01 -3.3342E-27
 -1.7000E+00  1.1000E+01 -1.0793E-29
 -1.7000E+00  1.1500E+01 -2.6649E-32
 -1.7000E+00  1.2000E+01 -5.0193E-35
 -1.7000E+00  1.2500E+01 -7.2127E-38
 -1.7000E+00  1.3000E+01 -7.9088E-41
 -1.7000E+00  1.3500E+01 -6.6182E-44
 -1.7000E+00  1.4000E+01 -4.2269E-47
 -1.7000E+00  1.4500E+01 -2.0607E-50
 -1.7000E+00  1.5000E+01 -7.6688E-54
 -1.6000E+00  5.0000E-01 -7.7228E-03
 -1.6000E+00  1.0000E+00 -1.0320E-02
 -1.6000E+00  1.5000E+00 -7.9052E-03
 -1.6000E+00  2.0000E+00 -4.1138E-03
 -1.6000E+00  2.5000E+00 -1.5339E-03
 -1.6000E+00  3.0000E+00 -4.1964E-04
 -1.6000E+00  3.5000E+00 -8.5304E-05
 -1.6000E+00  4.0000E+00 -1.2983E-05
 -1.6000E+00  4.5000E+00 -1.4866E-06
 -1.6000E+00  5.0000E+00 -1.2849E-07
 -1.6000E+00  5.5000E+00 -8.4026E-09
 -1.6000E+00  6.0000E+00 -4.1651E-10
 -1.6000E+00  6.5000E+00 -1.5670E-11
 -1.6000E+00  7.0000E+00 -4.4790E-13
 -1.6000E+00  7.5000E+00 -9.7349E-15
 -1.6000E+00  8.0000E+00 -1.6099E-16
 -1.6000E+00  8.5000E+00 -2.0269E-18
 -1.6000E+00  9.0000E+00 -1.9435E-20
 -1.6000E+00  9.5000E+00 -1.4200E-22
 -1.6000E+00  1.0000E+01 -7.9070E-25
 -1.6000E+00  1.0500E+01 -3.3567E-27
 -1.6000E+00  1.1000E+01 -1.0866E-29
 -1.6000E+00  1.1500E+01 -2.6829E-32
 -1.6000E+00  1.2000E+01 -5.0531E-35
 -1.6000E+00  1.2500E+01 -7.2613E-38
 -1.6000E+00  1.3000E+01 -7.9621E-41
 -1.6000E+00  1.3500E+01 -6.6628E-44
 -1.6000E+00  1.4000E+01 -4.2554E-47
 -1.6000E+00  1.4500E+01 -2.0745E-50
 -1.6000E+00  1.5000E+01 -7.7205E-54
 -1.5000E+00  5.0000E-01 -7.4651E-03
 -1.5000E+00  1.0000E+00 -9.9758E-03
 -1.5000E+00  1.5000E+00 -7.6414E-03
 -1.5000E+00  2.0000E+00 -3.9765E-03
 -1.5000E+00  2.5000E+00 -1.4827E-03
 -1.5000E+00  3.0000E+00 -4.0563E-04
 -1.5000E+00  3.5000E+00 -8.2458E-05
 -1.5000E+00  4.0000E+00 -1.2550E-05
 -1.5000E+00  4.5000E+00 -1.4370E-06
 -1.5000E+00  5.0000E+00 -1.2420E-07
 -1.5000E+00  5.5000E+00 -8.1223E-09
 -1.5000E+00  6.0000E+00 -4.0261E-10
 -1.5000E+00  6.5000E+00 -1.5147E-11
 -1.5000E+00  7.0000E+00 -4.3296E-13
 -1.5000E+00  7.5000E+00 -9.4101E-15
 -1.5000E+00  8.0000E+00 -1.5562E-16
 -1.5000E+00  8.5000E+00 -1.9592E-18
 -1.5000E+00  9.0000E+00 -1.8787E-20
 -1.5000E+00  9.5000E+00 -1.3726E-22
 -1.5000E+00  1.0000E+01 -7.6431E-25
 -1.5000E+00  1.0500E+01 -3.2447E-27
 -1.5000E+00  1.1000E+01 -1.0504E-29
 -1.5000E+00  1.1500E+01 -2.5934E-32
 -1.5000E+00  1.2000E+01 -4.8845E-35
 -1.5000E+00  1.2500E+01 -7.0190E-38
 -1.5000E+00  1.3000E+01 -7.6965E-41
 -1.5000E+00  1.3500E+01 -6.4405E-44
 -1.5000E+00  1.4000E+01 -4.1134E-47
 -1.5000E+00  1.4500E+01 -2.0053E-50
 -1.5000E+00  1.5000E+01 -7.4629E-54
 -1.4000E+00  5.0000E-01 -6.7906E-03
 -1.4000E+00  1.0000E+00 -9.0745E-03
 -1.4000E+00  1.5000E+00 -6.9510E-03
 -1.4000E+00  2.0000E+00 -3.6172E-03
 -1.4000E+00  2.5000E+00 -1.3487E-03
 -1.4000E+00  3.0000E+00 -3.6899E-04
 -1.4000E+00  3.5000E+00 -7.5008E-05
 -1.4000E+00  4.0000E+00 -1.1416E-05
 -1.4000E+00  4.5000E+00 -1.3071E-06
 -1.4000E+00  5.0000E+00 -1.1298E-07
 -1.4000E+00  5.5000E+00 -7.3885E-09
 -1.4000E+00  6.0000E+00 -3.6624E-10
 -1.4000E+00  6.5000E+00 -1.3779E-11
 -1.4000E+00  7.0000E+00 -3.9384E-13
 -1.4000E+00  7.5000E+00 -8.5599E-15
 -1.4000E+00  8.0000E+00 -1.4156E-16
 -1.4000E+00  8.5000E+00 -1.7822E-18
 -1.4000E+00  9.0000E+00 -1.7090E-20
 -1.4000E+00  9.5000E+00 -1.2486E-22
 -1.4000E+00  1.0000E+01 -6.9526E-25
 -1.4000E+00  1.0500E+01 -2.9515E-27
 -1.4000E+00  1.1000E+01 -9.5547E-30
 -1.4000E+00  1.1500E+01 -2.3591E-32
 -1.4000E+00  1.2000E+01 -4.4432E-35
 -1.4000E+00  1.2500E+01 -6.3849E-38
 -1.4000E+00  1.3000E+01 -7.0011E-41
 -1.4000E+00  1.3500E+01 -5.8586E-44
 -1.4000E+00  1.4000E+01 -3.7418E-47
 -1.4000E+00  1.4500E+01 -1.8242E-50
 -1.4000E+00  1.5000E+01 -6.7886E-54
 -1.3000E+00  5.0000E-01 -5.4615E-03
 -1.3000E+00  1.0000E+00 -7.2983E-03
 -1.3000E+00  1.5000E+00 -5.5904E-03
 -1.3000E+00  2.0000E+00 -2.9092E-03
 -1.3000E+00  2.5000E+00 -1.0847E-03
 -1.3000E+00  3.0000E+00 -2.9676E-04
 -1.3000E+00  3.5000E+00 -6.0326E-05
 -1.3000E+00  4.0000E+00 -9.1813E-06
 -1.3000E+00  4.5000E+00 -1.0513E-06
 -1.3000E+00  5.0000E+00 -9.0864E-08
 -1.3000E+00  5.5000E+00 -5.9423E-09
 -1.3000E+00  6.0000E+00 -2.9455E-10
 -1.3000E+00  6.5000E+00 -1.1082E-11
 -1.3000E+00  7.0000E+00 -3.1675E-13
 -1.3000E+00  7.5000E+00 -6.8844E-15
 -1.3000E+00  8.0000E+00 -1.1385E-16
 -1.3000E+00  8.5000E+00 -1.4334E-18
 -1.3000E+00  9.0000E+00 -1.3745E-20
 -1.3000E+00  9.5000E+00 -1.0042E-22
 -1.3000E+00  1.0000E+01 -5.5917E-25
 -1.3000E+00  1.0500E+01 -2.3738E-27
 -1.3000E+00  1.1000E+01 -7.6845E-30
 -1.3000E+00  1.1500E+01 -1.8973E-32
 -1.3000E+00  1.2000E+01 -3.5735E-35
 -1.3000E+00  1.2500E+01 -5.1351E-38
 -1.3000E+00  1.3000E+01 -5.6307E-41
 -1.3000E+00  1.3500E+01 -4.7118E-44
 -1.3000E+00  1.4000E+01 -3.0094E-47
 -1.3000E+00  1.4500E+01 -1.4671E-50
 -1.3000E+00  1.5000E+01 -5.4598E-54
 -1.2000E+00  5.0000E-01 -3.2381E-03
 -1.2000E+00  1.0000E+00 -4.3272E-03
 -1.2000E+00  1.5000E+00 -3.3146E-03
 -1.2000E+00  2.0000E+00 -1.7249E-03
 -1.2000E+00  2.5000E+00 -6.4316E-04
 -1.2000E+00  3.0000E+00 -1.7595E-04
 -1.2000E+00  3.5000E+00 -3.5768E-05
 -1.2000E+00  4.0000E+00 -5.4437E-06
 -1.2000E+00  4.5000E+00 -6.2331E-07
 -1.2000E+00  5.0000E+00 -5.3874E-08
 -1.2000E+00  5.5000E+00 -3.5232E-09
 -1.2000E+00  6.0000E+00 -1.7464E-10
 -1.2000E+00  6.5000E+00 -6.5704E-12
 -1.2000E+00  7.0000E+00 -1.8780E-13
 -1.2000E+00  7.5000E+00 -4.0818E-15
 -1.2000E+00  8.0000E+00 -6.7503E-17
 -1.2000E+00  8.5000E+00 -8.4986E-19
 -1.2000E+00  9.0000E+00 -8.1493E-21
 -1.2000E+00  9.5000E+00 -5.9539E-23
 -1.2000E+00  1.0000E+01 -3.3154E-25
 -1.2000E+00  1.0500E+01 -1.4075E-27
 -1.2000E+00  1.1000E+01 -4.5562E-30
 -1.2000E+00  1.1500E+01 -1.1249E-32
 -1.2000E+00  1.2000E+01 -2.1188E-35
 -1.2000E+00  1.2500E+01 -3.0447E-38
 -1.2000E+00  1.3000E+01 -3.3385E-41
 -1.2000E+00  1.3500E+01 -2.7937E-44
 -1.2000E+00  1.4000E+01 -1.7843E-47
 -1.2000E+00  1.4500E+01 -8.6986E-51
 -1.2000E+00  1.5000E+01 -3.2372E-54
 -1.1000E+00  5.0000E-01  1.7104E-04
 -1.1000E+00  1.0000E+00  2.2857E-04
 -1.1000E+00  1.5000E+00  1.7508E-04
 -1.1000E+00  2.0000E+00  9.1111E-05
 -1.1000E+00  2.5000E+00  3.3972E-05
 -1.1000E+00  3.0000E+00  9.2940E-06
 -1.1000E+00  3.5000E+00  1.8893E-06
 -1.1000E+00  4.0000E+00  2.8754E-07
 -1.1000E+00  4.5000E+00  3.2924E-08
 -1.1000E+00  5.0000E+00  2.8457E-09
 -1.1000E+00  5.5000E+00  1.8610E-10
 -1.1000E+00  6.0000E+00  9.2248E-12
 -1.1000E+00  6.5000E+00  3.4705E-13
 -1.1000E+00  7.0000E+00  9.9200E-15
 -1.1000E+00  7.5000E+00  2.1561E-16
 -1.1000E+00  8.0000E+00  3.5656E-18
 -1.1000E+00  8.5000E+00  4.4890E-20
 -1.1000E+00  9.0000E+00  4.3045E-22
 -1.1000E+00  9.5000E+00  3.1449E-24
 -1.1000E+00  1.0000E+01  1.7512E-26
 -1.1000E+00  1.0500E+01  7.4343E-29
 -1.1000E+00  1.1000E+01  2.4066E-31
 -1.1000E+00  1.1500E+01  5.9420E-34
 -1.1000E+00  1.2000E+01  1.1192E-36
 -1.1000E+00  1.2500E+01  1.6082E-39
 -1.1000E+00  1.3000E+01  1.7634E-42
 -1.1000E+00  1.3500E+01  1.4757E-45
 -1.1000E+00  1.4000E+01  9.4248E-49
 -1.1000E+00  1.4500E+01  4.5947E-52
 -1.1000E+00  1.5000E+01  1.7099E-55
 -1.0000E+00  5.0000E-01  5.0939E-03
 -1.0000E+00  1.0000E+00  6.8070E-03
 -1.0000E+00  1.5000E+00  5.2142E-03
 -1.0000E+00  2.0000E+00  2.7134E-03
 -1.0000E+00  2.5000E+00  1.0117E-03
 -1.0000E+00  3.0000E+00  2.7679E-04
 -1.0000E+00  3.5000E+00  5.6266E-05
 -1.0000E+00  4.0000E+00  8.5633E-06
 -1.0000E+00  4.5000E+00  9.8052E-07
 -1.0000E+00  5.0000E+00  8.4748E-08
 -1.0000E+00  5.5000E+00  5.5423E-09
 -1.0000E+00  6.0000E+00  2.7473E-10
 -1.0000E+00  6.5000E+00  1.0336E-11
 -1.0000E+00  7.0000E+00  2.9543E-13
 -1.0000E+00  7.5000E+00  6.4210E-15
 -1.0000E+00  8.0000E+00  1.0619E-16
 -1.0000E+00  8.5000E+00  1.3369E-18
 -1.0000E+00  9.0000E+00  1.2819E-20
 -1.0000E+00  9.5000E+00  9.3659E-23
 -1.0000E+00  1.0000E+01  5.2154E-25
 -1.0000E+00  1.0500E+01  2.2140E-27
 -1.0000E+00  1.1000E+01  7.1672E-30
 -1.0000E+00  1.1500E+01  1.7696E-32
 -1.0000E+00  1.2000E+01  3.3330E-35
 -1.0000E+00  1.2500E+01  4.7895E-38
 -1.0000E+00  1.3000E+01  5.2517E-41
 -1.0000E+00  1.3500E+01  4.3947E-44
 -1.0000E+00  1.4000E+01  2.8068E-47
 -1.0000E+00  1.4500E+01  1.3683E-50
 -1.0000E+00  1.5000E+01  5.0924E-54
 -9.0000E-01  5.0000E-01  1.1160E-02
 -9.0000E-01  1.0000E+00  1.4913E-02
 -9.0000E-01  1.5000E+00  1.1423E-02
 -9.0000E-01  2.0000E+00  5.9446E-03
 -9.0000E-01  2.5000E+00  2.2165E-03
 -9.0000E-01  3.0000E+00  6.0639E-04
 -9.0000E-01  3.5000E+00  1.2327E-04
 -9.0000E-01  4.0000E+00  1.8761E-05
 -9.0000E-01  4.5000E+00  2.1481E-06
 -9.0000E-01  5.0000E+00  1.8567E-07
 -9.0000E-01  5.5000E+00  1.2142E-08
 -9.0000E-01  6.0000E+00  6.0188E-10
 -9.0000E-01  6.5000E+00  2.2644E-11
 -9.0000E-01  7.0000E+00  6.4724E-13
 -9.0000E-01  7.5000E+00  1.4067E-14
 -9.0000E-01  8.0000E+00  2.3264E-16
 -9.0000E-01  8.5000E+00  2.9289E-18
 -9.0000E-01  9.0000E+00  2.8085E-20
 -9.0000E-01  9.5000E+00  2.0519E-22
 -9.0000E-01  1.0000E+01  1.1426E-24
 -9.0000E-01  1.0500E+01  4.8506E-27
 -9.0000E-01  1.1000E+01  1.5702E-29
 -9.0000E-01  1.1500E+01  3.8769E-32
 -9.0000E-01  1.2000E+01  7.3020E-35
 -9.0000E-01  1.2500E+01  1.0493E-37
 -9.0000E-01  1.3000E+01  1.1506E-40
 -9.0000E-01  1.3500E+01  9.6280E-44
 -9.0000E-01  1.4000E+01  6.1492E-47
 -9.0000E-01  1.4500E+01  2.9978E-50
 -9.0000E-01  1.5000E+01  1.1156E-53
 -8.0000E-01  5.0000E-01  1.7163E-02
 -8.0000E-01  1.0000E+00  2.2935E-02
 -8.0000E-01  1.5000E+00  1.7568E-02
 -8.0000E-01  2.0000E+00  9.1424E-03
 -8.0000E-01  2.5000E+00  3.4089E-03
 -8.0000E-01  3.0000E+00  9.3260E-04
 -8.0000E-01  3.5000E+00  1.8958E-04
 -8.0000E-01  4.0000E+00  2.8853E-05
 -8.0000E-01  4.5000E+00  3.3037E-06
 -8.0000E-01  5.0000E+00  2.8555E-07
 -8.0000E-01  5.5000E+00  1.8674E-08
 -8.0000E-01  6.0000E+00  9.2566E-10
 -8.0000E-01  6.5000E+00  3.4825E-11
 -8.0000E-01  7.0000E+00  9.9542E-13
 -8.0000E-01  7.5000E+00  2.1635E-14
 -8.0000E-01  8.0000E+00  3.5779E-16
 -8.0000E-01  8.5000E+00  4.5045E-18
 -8.0000E-01  9.0000E+00  4.3193E-20
 -8.0000E-01  9.5000E+00  3.1557E-22
 -8.0000E-01  1.0000E+01  1.7572E-24
 -8.0000E-01  1.0500E+01  7.4599E-27
 -8.0000E-01  1.1000E+01  2.4149E-29
 -8.0000E-01  1.1500E+01  5.9625E-32
 -8.0000E-01  1.2000E+01  1.1230E-34
 -8.0000E-01  1.2500E+01  1.6138E-37
 -8.0000E-01  1.3000E+01  1.7695E-40
 -8.0000E-01  1.3500E+01  1.4807E-43
 -8.0000E-01  1.4000E+01  9.4572E-47
 -8.0000E-01  1.4500E+01  4.6105E-50
 -8.0000E-01  1.5000E+01  1.7158E-53
 -7.0000E-01  5.0000E-01  3.0005E-02
 -7.0000E-01  1.0000E+00  4.0097E-02
 -7.0000E-01  1.5000E+00  3.0714E-02
 -7.0000E-01  2.0000E+00  1.5983E-02
 -7.0000E-01  2.5000E+00  5.9596E-03
 -7.0000E-01  3.0000E+00  1.6304E-03
 -7.0000E-01  3.5000E+00  3.3143E-04
 -7.0000E-01  4.0000E+00  5.0442E-05
 -7.0000E-01  4.5000E+00  5.7757E-06
 -7.0000E-01  5.0000E+00  4.9920E-07
 -7.0000E-01  5.5000E+00  3.2647E-08
 -7.0000E-01  6.0000E+00  1.6183E-09
 -7.0000E-01  6.5000E+00  6.0882E-11
 -7.0000E-01  7.0000E+00  1.7402E-12
 -7.0000E-01  7.5000E+00  3.7823E-14
 -7.0000E-01  8.0000E+00  6.2549E-16
 -7.0000E-01  8.5000E+00  7.8749E-18
 -7.0000E-01  9.0000E+00  7.5512E-20
 -7.0000E-01  9.5000E+00  5.5170E-22
 -7.0000E-01  1.0000E+01  3.0721E-24
 -7.0000E-01  1.0500E+01  1.3042E-26
 -7.0000E-01  1.1000E+01  4.2218E-29
 -7.0000E-01  1.1500E+01  1.0424E-31
 -7.0000E-01  1.2000E+01  1.9633E-34
 -7.0000E-01  1.2500E+01  2.8212E-37
 -7.0000E-01  1.3000E+01  3.0935E-40
 -7.0000E-01  1.3500E+01  2.5887E-43
 -7.0000E-01  1.4000E+01  1.6533E-46
 -7.0000E-01  1.4500E+01  8.0602E-50
 -7.0000E-01  1.5000E+01  2.9996E-53
 -6.0000E-01  5.0000E-01  4.4780E-02
 -6.0000E-01  1.0000E+00  5.9841E-02
 -6.0000E-01  1.5000E+00  4.5838E-02
 -6.0000E-01  2.0000E+00  2.3854E-02
 -6.0000E-01  2.5000E+00  8.8942E-03
 -6.0000E-01  3.0000E+00  2.4333E-03
 -6.0000E-01  3.5000E+00  4.9464E-04
 -6.0000E-01  4.0000E+00  7.5281E-05
 -6.0000E-01  4.5000E+00  8.6198E-06
 -6.0000E-01  5.0000E+00  7.4502E-07
 -6.0000E-01  5.5000E+00  4.8723E-08
 -6.0000E-01  6.0000E+00  2.4151E-09
 -6.0000E-01  6.5000E+00  9.0862E-11
 -6.0000E-01  7.0000E+00  2.5972E-12
 -6.0000E-01  7.5000E+00  5.6448E-14
 -6.0000E-01  8.0000E+00  9.3350E-16
 -6.0000E-01  8.5000E+00  1.1753E-17
 -6.0000E-01  9.0000E+00  1.1270E-19
 -6.0000E-01  9.5000E+00  8.2337E-22
 -6.0000E-01  1.0000E+01  4.5849E-24
 -6.0000E-01  1.0500E+01  1.9464E-26
 -6.0000E-01  1.1000E+01  6.3008E-29
 -6.0000E-01  1.1500E+01  1.5557E-31
 -6.0000E-01  1.2000E+01  2.9300E-34
 -6.0000E-01  1.2500E+01  4.2105E-37
 -6.0000E-01  1.3000E+01  4.6168E-40
 -6.0000E-01  1.3500E+01  3.8634E-43
 -6.0000E-01  1.4000E+01  2.4675E-46
 -6.0000E-01  1.4500E+01  1.2029E-49
 -6.0000E-01  1.5000E+01  4.4767E-53
 -5.0000E-01  5.0000E-01  6.1993E-02
 -5.0000E-01  1.0000E+00  8.2843E-02
 -5.0000E-01  1.5000E+00  6.3457E-02
 -5.0000E-01  2.0000E+00  3.3023E-02
 -5.0000E-01  2.5000E+00  1.2313E-02
 -5.0000E-01  3.0000E+00  3.3686E-03
 -5.0000E-01  3.5000E+00  6.8477E-04
 -5.0000E-01  4.0000E+00  1.0422E-04
 -5.0000E-01  4.5000E+00  1.1933E-05
 -5.0000E-01  5.0000E+00  1.0314E-06
 -5.0000E-01  5.5000E+00  6.7451E-08
 -5.0000E-01  6.0000E+00  3.3435E-09
 -5.0000E-01  6.5000E+00  1.2579E-10
 -5.0000E-01  7.0000E+00  3.5955E-12
 -5.0000E-01  7.5000E+00  7.8145E-14
 -5.0000E-01  8.0000E+00  1.2923E-15
 -5.0000E-01  8.5000E+00  1.6270E-17
 -5.0000E-01  9.0000E+00  1.5601E-19
 -5.0000E-01  9.5000E+00  1.1399E-21
 -5.0000E-01  1.0000E+01  6.3472E-24
 -5.0000E-01  1.0500E+01  2.6945E-26
 -5.0000E-01  1.1000E+01  8.7227E-29
 -5.0000E-01  1.1500E+01  2.1536E-31
 -5.0000E-01  1.2000E+01  4.0563E-34
 -5.0000E-01  1.2500E+01  5.8289E-37
 -5.0000E-01  1.3000E+01  6.3915E-40
 -5.0000E-01  1.3500E+01  5.3484E-43
 -5.0000E-01  1.4000E+01  3.4159E-46
 -5.0000E-01  1.4500E+01  1.6653E-49
 -5.0000E-01  1.5000E+01  6.1975E-53
 -4.0000E-01  5.0000E-01  8.1585E-02
 -4.0000E-01  1.0000E+00  1.0902E-01
 -4.0000E-01  1.5000E+00  8.3512E-02
 -4.0000E-01  2.0000E+00  4.3459E-02
 -4.0000E-01  2.5000E+00  1.6204E-02
 -4.0000E-01  3.0000E+00  4.4331E-03
 -4.0000E-01  3.5000E+00  9.0118E-04
 -4.0000E-01  4.0000E+00  1.3715E-04
 -4.0000E-01  4.5000E+00  1.5704E-05
 -4.0000E-01  5.0000E+00  1.3574E-06
 -4.0000E-01  5.5000E+00  8.8768E-08
 -4.0000E-01  6.0000E+00  4.4001E-09
 -4.0000E-01  6.5000E+00  1.6554E-10
 -4.0000E-01  7.0000E+00  4.7317E-12
 -4.0000E-01  7.5000E+00  1.0284E-13
 -4.0000E-01  8.0000E+00  1.7007E-15
 -4.0000E-01  8.5000E+00  2.1412E-17
 -4.0000E-01  9.0000E+00  2.0532E-19
 -4.0000E-01  9.5000E+00  1.5001E-21
 -4.0000E-01  1.0000E+01  8.3531E-24
 -4.0000E-01  1.0500E+01  3.5461E-26
 -4.0000E-01  1.1000E+01  1.1479E-28
 -4.0000E-01  1.1500E+01  2.8343E-31
 -4.0000E-01  1.2000E+01  5.3382E-34
 -4.0000E-01  1.2500E+01  7.6710E-37
 -4.0000E-01  1.3000E+01  8.4114E-40
 -4.0000E-01  1.3500E+01  7.0387E-43
 -4.0000E-01  1.4000E+01  4.4955E-46
 -4.0000E-01  1.4500E+01  2.1916E-49
 -4.0000E-01  1.5000E+01  8.1561E-53
 -3.0000E-01  5.0000E-01  1.0372E-01
 -3.0000E-01  1.0000E+00  1.3860E-01
 -3.0000E-01  1.5000E+00  1.0617E-01
 -3.0000E-01  2.0000E+00  5.5248E-02
 -3.0000E-01  2.5000E+00  2.0600E-02
 -3.0000E-01  3.0000E+00  5.6357E-03
 -3.0000E-01  3.5000E+00  1.1456E-03
 -3.0000E-01  4.0000E+00  1.7436E-04
 -3.0000E-01  4.5000E+00  1.9965E-05
 -3.0000E-01  5.0000E+00  1.7256E-06
 -3.0000E-01  5.5000E+00  1.1285E-07
 -3.0000E-01  6.0000E+00  5.5938E-09
 -3.0000E-01  6.5000E+00  2.1045E-10
 -3.0000E-01  7.0000E+00  6.0153E-12
 -3.0000E-01  7.5000E+00  1.3074E-13
 -3.0000E-01  8.0000E+00  2.1621E-15
 -3.0000E-01  8.5000E+00  2.7221E-17
 -3.0000E-01  9.0000E+00  2.6102E-19
 -3.0000E-01  9.5000E+00  1.9070E-21
 -3.0000E-01  1.0000E+01  1.0619E-23
 -3.0000E-01  1.0500E+01  4.5080E-26
 -3.0000E-01  1.1000E+01  1.4593E-28
 -3.0000E-01  1.1500E+01  3.6031E-31
 -3.0000E-01  1.2000E+01  6.7864E-34
 -3.0000E-01  1.2500E+01  9.7520E-37
 -3.0000E-01  1.3000E+01  1.0693E-39
 -3.0000E-01  1.3500E+01  8.9481E-43
 -3.0000E-01  1.4000E+01  5.7150E-46
 -3.0000E-01  1.4500E+01  2.7861E-49
 -3.0000E-01  1.5000E+01  1.0369E-52
 -2.0000E-01  5.0000E-01  1.2816E-01
 -2.0000E-01  1.0000E+00  1.7127E-01
 -2.0000E-01  1.5000E+00  1.3119E-01
 -2.0000E-01  2.0000E+00  6.8269E-02
 -2.0000E-01  2.5000E+00  2.5455E-02
 -2.0000E-01  3.0000E+00  6.9640E-03
 -2.0000E-01  3.5000E+00  1.4157E-03
 -2.0000E-01  4.0000E+00  2.1545E-04
 -2.0000E-01  4.5000E+00  2.4670E-05
 -2.0000E-01  5.0000E+00  2.1323E-06
 -2.0000E-01  5.5000E+00  1.3945E-07
 -2.0000E-01  6.0000E+00  6.9122E-09
 -2.0000E-01  6.5000E+00  2.6005E-10
 -2.0000E-01  7.0000E+00  7.4331E-12
 -2.0000E-01  7.5000E+00  1.6155E-13
 -2.0000E-01  8.0000E+00  2.6717E-15
 -2.0000E-01  8.5000E+00  3.3636E-17
 -2.0000E-01  9.0000E+00  3.2254E-19
 -2.0000E-01  9.5000E+00  2.3565E-21
 -2.0000E-01  1.0000E+01  1.3122E-23
 -2.0000E-01  1.0500E+01  5.5705E-26
 -2.0000E-01  1.1000E+01  1.8033E-28
 -2.0000E-01  1.1500E+01  4.4523E-31
 -2.0000E-01  1.2000E+01  8.3858E-34
 -2.0000E-01  1.2500E+01  1.2050E-36
 -2.0000E-01  1.3000E+01  1.3213E-39
 -2.0000E-01  1.3500E+01  1.1057E-42
 -2.0000E-01  1.4000E+01  7.0620E-46
 -2.0000E-01  1.4500E+01  3.4428E-49
 -2.0000E-01  1.5000E+01  1.2812E-52
 -1.0000E-01  5.0000E-01  1.5457E-01
 -1.0000E-01  1.0000E+00  2.0655E-01
 -1.0000E-01  1.5000E+00  1.5822E-01
 -1.0000E-01  2.0000E+00  8.2334E-02
 -1.0000E-01  2.5000E+00  3.0700E-02
 -1.0000E-01  3.0000E+00  8.3987E-03
 -1.0000E-01  3.5000E+00  1.7073E-03
 -1.0000E-01  4.0000E+00  2.5984E-04
 -1.0000E-01  4.5000E+00  2.9752E-05
 -1.0000E-01  5.0000E+00  2.5715E-06
 -1.0000E-01  5.5000E+00  1.6817E-07
 -1.0000E-01  6.0000E+00  8.3362E-09
 -1.0000E-01  6.5000E+00  3.1362E-10
 -1.0000E-01  7.0000E+00  8.9644E-12
 -1.0000E-01  7.5000E+00  1.9484E-13
 -1.0000E-01  8.0000E+00  3.2221E-15
 -1.0000E-01  8.5000E+00  4.0566E-17
 -1.0000E-01  9.0000E+00  3.8899E-19
 -1.0000E-01  9.5000E+00  2.8420E-21
 -1.0000E-01  1.0000E+01  1.5825E-23
 -1.0000E-01  1.0500E+01  6.7182E-26
 -1.0000E-01  1.1000E+01  2.1748E-28
 -1.0000E-01  1.1500E+01  5.3696E-31
 -1.0000E-01  1.2000E+01  1.0113E-33
 -1.0000E-01  1.2500E+01  1.4533E-36
 -1.0000E-01  1.3000E+01  1.5936E-39
 -1.0000E-01  1.3500E+01  1.3335E-42
 -1.0000E-01  1.4000E+01  8.5169E-46
 -1.0000E-01  1.4500E+01  4.1521E-49
 -1.0000E-01  1.5000E+01  1.5452E-52
  0.0000E+00  5.0000E-01  1.8232E-01
  0.0000E+00  1.0000E+00  2.4363E-01
  0.0000E+00  1.5000E+00  1.8662E-01
  0.0000E+00  2.0000E+00  9.7116E-02
  0.0000E+00  2.5000E+00  3.6211E-02
  0.0000E+00  3.0000E+00  9.9065E-03
  0.0000E+00  3.5000E+00  2.0138E-03
  0.0000E+00  4.0000E+00  3.0649E-04
  0.0000E+00  4.5000E+00  3.5094E-05
  0.0000E+00  5.0000E+00  3.0332E-06
  0.0000E+00  5.5000E+00  1.9837E-07
  0.0000E+00  6.0000E+00  9.8328E-09
  0.0000E+00  6.5000E+00  3.6993E-10
  0.0000E+00  7.0000E+00  1.0574E-11
  0.0000E+00  7.5000E+00  2.2982E-13
  0.0000E+00  8.0000E+00  3.8006E-15
  0.0000E+00  8.5000E+00  4.7849E-17
  0.0000E+00  9.0000E+00  4.5882E-19
  0.0000E+00  9.5000E+00  3.3522E-21
  0.0000E+00  1.0000E+01  1.8666E-23
  0.0000E+00  1.0500E+01  7.9243E-26
  0.0000E+00  1.1000E+01  2.5652E-28
  0.0000E+00  1.1500E+01  6.3336E-31
  0.0000E+00  1.2000E+01  1.1929E-33
  0.0000E+00  1.2500E+01  1.7142E-36
  0.0000E+00  1.3000E+01  1.8797E-39
  0.0000E+00  1.3500E+01  1.5729E-42
  0.0000E+00  1.4000E+01  1.0046E-45
  0.0000E+00  1.4500E+01  4.8975E-49
  0.0000E+00  1.5000E+01  1.8226E-52
  1.0000E-01  5.0000E-01  2.1058E-01
  1.0000E-01  1.0000E+00  2.8141E-01
  1.0000E-01  1.5000E+00  2.1556E-01
  1.0000E-01  2.0000E+00  1.1217E-01
  1.0000E-01  2.5000E+00  4.1826E-02
  1.0000E-01  3.0000E+00  1.1443E-02
  1.0000E-01  3.5000E+00  2.3261E-03
  1.0000E-01  4.0000E+00  3.5402E-04
  1.0000E-01  4.5000E+00  4.0535E-05
  1.0000E-01  5.0000E+00  3.5035E-06
  1.0000E-01  5.5000E+00  2.2912E-07
  1.0000E-01  6.0000E+00  1.1357E-08
  1.0000E-01  6.5000E+00  4.2729E-10
  1.0000E-01  7.0000E+00  1.2213E-11
  1.0000E-01  7.5000E+00  2.6545E-13
  1.0000E-01  8.0000E+00  4.3899E-15
  1.0000E-01  8.5000E+00  5.5268E-17
  1.0000E-01  9.0000E+00  5.2997E-19
  1.0000E-01  9.5000E+00  3.8720E-21
  1.0000E-01  1.0000E+01  2.1561E-23
  1.0000E-01  1.0500E+01  9.1530E-26
  1.0000E-01  1.1000E+01  2.9630E-28
  1.0000E-01  1.1500E+01  7.3157E-31
  1.0000E-01  1.2000E+01  1.3779E-33
  1.0000E-01  1.2500E+01  1.9800E-36
  1.0000E-01  1.3000E+01  2.1711E-39
  1.0000E-01  1.3500E+01  1.8168E-42
  1.0000E-01  1.4000E+01  1.1604E-45
  1.0000E-01  1.4500E+01  5.6569E-49
  1.0000E-01  1.5000E+01  2.1052E-52
  2.0000E-01  5.0000E-01  2.3830E-01
  2.0000E-01  1.0000E+00  3.1845E-01
  2.0000E-01  1.5000E+00  2.4393E-01
  2.0000E-01  2.0000E+00  1.2694E-01
  2.0000E-01  2.5000E+00  4.7332E-02
  2.0000E-01  3.0000E+00  1.2949E-02
  2.0000E-01  3.5000E+00  2.6323E-03
  2.0000E-01  4.0000E+00  4.0062E-04
  2.0000E-01  4.5000E+00  4.5871E-05
  2.0000E-01  5.0000E+00  3.9647E-06
  2.0000E-01  5.5000E+00  2.5928E-07
  2.0000E-01  6.0000E+00  1.2852E-08
  2.0000E-01  6.5000E+00  4.8353E-10
  2.0000E-01  7.0000E+00  1.3821E-11
  2.0000E-01  7.5000E+00  3.0039E-13
  2.0000E-01  8.0000E+00  4.9677E-15
  2.0000E-01  8.5000E+00  6.2543E-17
  2.0000E-01  9.0000E+00  5.9973E-19
  2.0000E-01  9.5000E+00  4.3816E-21
  2.0000E-01  1.0000E+01  2.4399E-23
  2.0000E-01  1.0500E+01  1.0358E-25
  2.0000E-01  1.1000E+01  3.3530E-28
  2.0000E-01  1.1500E+01  8.2787E-31
  2.0000E-01  1.2000E+01  1.5593E-33
  2.0000E-01  1.2500E+01  2.2406E-36
  2.0000E-01  1.3000E+01  2.4569E-39
  2.0000E-01  1.3500E+01  2.0560E-42
  2.0000E-01  1.4000E+01  1.3131E-45
  2.0000E-01  1.4500E+01  6.4015E-49
  2.0000E-01  1.5000E+01  2.3823E-52
  3.0000E-01  5.0000E-01  2.6416E-01
  3.0000E-01  1.0000E+00  3.5300E-01
  3.0000E-01  1.5000E+00  2.7040E-01
  3.0000E-01  2.0000E+00  1.4071E-01
  3.0000E-01  2.5000E+00  5.2467E-02
  3.0000E-01  3.0000E+00  1.4354E-02
  3.0000E-01  3.5000E+00  2.9178E-03
  3.0000E-01  4.0000E+00  4.4408E-04
  3.0000E-01  4.5000E+00  5.0848E-05
  3.0000E-01  5.0000E+00  4.3948E-06
  3.0000E-01  5.5000E+00  2.8741E-07
  3.0000E-01  6.0000E+00  1.4247E-08
  3.0000E-01  6.5000E+00  5.3599E-10
  3.0000E-01  7.0000E+00  1.5320E-11
  3.0000E-01  7.5000E+00  3.3298E-13
  3.0000E-01  8.0000E+00  5.5067E-15
  3.0000E-01  8.5000E+00  6.9328E-17
  3.0000E-01  9.0000E+00  6.6479E-19
  3.0000E-01  9.5000E+00  4.8570E-21
  3.0000E-01  1.0000E+01  2.7046E-23
  3.0000E-01  1.0500E+01  1.1482E-25
  3.0000E-01  1.1000E+01  3.7168E-28
  3.0000E-01  1.1500E+01  9.1768E-31
  3.0000E-01  1.2000E+01  1.7284E-33
  3.0000E-01  1.2500E+01  2.4837E-36
  3.0000E-01  1.3000E+01  2.7234E-39
  3.0000E-01  1.3500E+01  2.2790E-42
  3.0000E-01  1.4000E+01  1.4556E-45
  3.0000E-01  1.4500E+01  7.0960E-49
  3.0000E-01  1.5000E+01  2.6408E-52
  4.0000E-01  5.0000E-01  2.8668E-01
  4.0000E-01  1.0000E+00  3.8310E-01
  4.0000E-01  1.5000E+00  2.9346E-01
  4.0000E-01  2.0000E+00  1.5271E-01
  4.0000E-01  2.5000E+00  5.6941E-02
  4.0000E-01  3.0000E+00  1.5578E-02
  4.0000E-01  3.5000E+00  3.1667E-03
  4.0000E-01  4.0000E+00  4.8195E-04
  4.0000E-01  4.5000E+00  5.5184E-05
  4.0000E-01  5.0000E+00  4.7696E-06
  4.0000E-01  5.5000E+00  3.1192E-07
  4.0000E-01  6.0000E+00  1.5462E-08
  4.0000E-01  6.5000E+00  5.8170E-10
  4.0000E-01  7.0000E+00  1.6627E-11
  4.0000E-01  7.5000E+00  3.6138E-13
  4.0000E-01  8.0000E+00  5.9763E-15
  4.0000E-01  8.5000E+00  7.5241E-17
  4.0000E-01  9.0000E+00  7.2148E-19
  4.0000E-01  9.5000E+00  5.2712E-21
  4.0000E-01  1.0000E+01  2.9352E-23
  4.0000E-01  1.0500E+01  1.2461E-25
  4.0000E-01  1.1000E+01  4.0337E-28
  4.0000E-01  1.1500E+01  9.9594E-31
  4.0000E-01  1.2000E+01  1.8758E-33
  4.0000E-01  1.2500E+01  2.6955E-36
  4.0000E-01  1.3000E+01  2.9557E-39
  4.0000E-01  1.3500E+01  2.4734E-42
  4.0000E-01  1.4000E+01  1.5797E-45
  4.0000E-01  1.4500E+01  7.7011E-49
  4.0000E-01  1.5000E+01  2.8660E-52
  5.0000E-01  5.0000E-01  3.0422E-01
  5.0000E-01  1.0000E+00  4.0654E-01
  5.0000E-01  1.5000E+00  3.1140E-01
  5.0000E-01  2.0000E+00  1.6205E-01
  5.0000E-01  2.5000E+00  6.0424E-02
  5.0000E-01  3.0000E+00  1.6531E-02
  5.0000E-01  3.5000E+00  3.3604E-03
  5.0000E-01  4.0000E+00  5.1143E-04
  5.0000E-01  4.5000E+00  5.8559E-05
  5.0000E-01  5.0000E+00  5.0614E-06
  5.0000E-01  5.5000E+00  3.3100E-07
  5.0000E-01  6.0000E+00  1.6407E-08
  5.0000E-01  6.5000E+00  6.1728E-10
  5.0000E-01  7.0000E+00  1.7644E-11
  5.0000E-01  7.5000E+00  3.8348E-13
  5.0000E-01  8.0000E+00  6.3418E-15
  5.0000E-01  8.5000E+00  7.9843E-17
  5.0000E-01  9.0000E+00  7.6561E-19
  5.0000E-01  9.5000E+00  5.5936E-21
  5.0000E-01  1.0000E+01  3.1148E-23
  5.0000E-01  1.0500E+01  1.3223E-25
  5.0000E-01  1.1000E+01  4.2805E-28
  5.0000E-01  1.1500E+01  1.0569E-30
  5.0000E-01  1.2000E+01  1.9905E-33
  5.0000E-01  1.2500E+01  2.8604E-36
  5.0000E-01  1.3000E+01  3.1365E-39
  5.0000E-01  1.3500E+01  2.6246E-42
  5.0000E-01  1.4000E+01  1.6763E-45
  5.0000E-01  1.4500E+01  8.1722E-49
  5.0000E-01  1.5000E+01  3.0413E-52
  6.0000E-01  5.0000E-01  3.1540E-01
  6.0000E-01  1.0000E+00  4.2147E-01
  6.0000E-01  1.5000E+00  3.2285E-01
  6.0000E-01  2.0000E+00  1.6801E-01
  6.0000E-01  2.5000E+00  6.2644E-02
  6.0000E-01  3.0000E+00  1.7138E-02
  6.0000E-01  3.5000E+00  3.4838E-03
  6.0000E-01  4.0000E+00  5.3022E-04
  6.0000E-01  4.5000E+00  6.0711E-05
  6.0000E-01  5.0000E+00  5.2474E-06
  6.0000E-01  5.5000E+00  3.4316E-07
  6.0000E-01  6.0000E+00  1.7010E-08
  6.0000E-01  6.5000E+00  6.3996E-10
  6.0000E-01  7.0000E+00  1.8292E-11
  6.0000E-01  7.5000E+00  3.9757E-13
  6.0000E-01  8.0000E+00  6.5749E-15
  6.0000E-01  8.5000E+00  8.2777E-17
  6.0000E-01  9.0000E+00  7.9375E-19
  6.0000E-01  9.5000E+00  5.7992E-21
  6.0000E-01  1.0000E+01  3.2292E-23
  6.0000E-01  1.0500E+01  1.3709E-25
  6.0000E-01  1.1000E+01  4.4378E-28
  6.0000E-01  1.1500E+01  1.0957E-30
  6.0000E-01  1.2000E+01  2.0637E-33
  6.0000E-01  1.2500E+01  2.9655E-36
  6.0000E-01  1.3000E+01  3.2517E-39
  6.0000E-01  1.3500E+01  2.7211E-42
  6.0000E-01  1.4000E+01  1.7379E-45
  6.0000E-01  1.4500E+01  8.4725E-49
  6.0000E-01  1.5000E+01  3.1531E-52
  7.0000E-01  5.0000E-01  3.1847E-01
  7.0000E-01  1.0000E+00  4.2558E-01
  7.0000E-01  1.5000E+00  3.2599E-01
  7.0000E-01  2.0000E+00  1.6964E-01
  7.0000E-01  2.5000E+00  6.3255E-02
  7.0000E-01  3.0000E+00  1.7305E-02
  7.0000E-01  3.5000E+00  3.5178E-03
  7.0000E-01  4.0000E+00  5.3539E-04
  7.0000E-01  4.5000E+00  6.1303E-05
  7.0000E-01  5.0000E+00  5.2985E-06
  7.0000E-01  5.5000E+00  3.4651E-07
  7.0000E-01  6.0000E+00  1.7176E-08
  7.0000E-01  6.5000E+00  6.4620E-10
  7.0000E-01  7.0000E+00  1.8471E-11
  7.0000E-01  7.5000E+00  4.0145E-13
  7.0000E-01  8.0000E+00  6.6389E-15
  7.0000E-01  8.5000E+00  8.3584E-17
  7.0000E-01  9.0000E+00  8.0148E-19
  7.0000E-01  9.5000E+00  5.8557E-21
  7.0000E-01  1.0000E+01  3.2607E-23
  7.0000E-01  1.0500E+01  1.3842E-25
  7.0000E-01  1.1000E+01  4.4810E-28
  7.0000E-01  1.1500E+01  1.1064E-30
  7.0000E-01  1.2000E+01  2.0838E-33
  7.0000E-01  1.2500E+01  2.9944E-36
  7.0000E-01  1.3000E+01  3.2834E-39
  7.0000E-01  1.3500E+01  2.7476E-42
  7.0000E-01  1.4000E+01  1.7548E-45
  7.0000E-01  1.4500E+01  8.5550E-49
  7.0000E-01  1.5000E+01  3.1838E-52
  8.0000E-01  5.0000E-01  3.1265E-01
  8.0000E-01  1.0000E+00  4.1780E-01
  8.0000E-01  1.5000E+00  3.2003E-01
  8.0000E-01  2.0000E+00  1.6654E-01
  8.0000E-01  2.5000E+00  6.2098E-02
  8.0000E-01  3.0000E+00  1.6989E-02
  8.0000E-01  3.5000E+00  3.4535E-03
  8.0000E-01  4.0000E+00  5.2560E-04
  8.0000E-01  4.5000E+00  6.0182E-05
  8.0000E-01  5.0000E+00  5.2016E-06
  8.0000E-01  5.5000E+00  3.4017E-07
  8.0000E-01  6.0000E+00  1.6862E-08
  8.0000E-01  6.5000E+00  6.3438E-10
  8.0000E-01  7.0000E+00  1.8133E-11
  8.0000E-01  7.5000E+00  3.9411E-13
  8.0000E-01  8.0000E+00  6.5175E-15
  8.0000E-01  8.5000E+00  8.2055E-17
  8.0000E-01  9.0000E+00  7.8683E-19
  8.0000E-01  9.5000E+00  5.7486E-21
  8.0000E-01  1.0000E+01  3.2011E-23
  8.0000E-01  1.0500E+01  1.3589E-25
  8.0000E-01  1.1000E+01  4.3991E-28
  8.0000E-01  1.1500E+01  1.0861E-30
  8.0000E-01  1.2000E+01  2.0457E-33
  8.0000E-01  1.2500E+01  2.9397E-36
  8.0000E-01  1.3000E+01  3.2234E-39
  8.0000E-01  1.3500E+01  2.6974E-42
  8.0000E-01  1.4000E+01  1.7228E-45
  8.0000E-01  1.4500E+01  8.3986E-49
  8.0000E-01  1.5000E+01  3.1256E-52
  9.0000E-01  5.0000E-01  2.8924E-01
  9.0000E-01  1.0000E+00  3.8652E-01
  9.0000E-01  1.5000E+00  2.9607E-01
  9.0000E-01  2.0000E+00  1.5407E-01
  9.0000E-01  2.5000E+00  5.7449E-02
  9.0000E-01  3.0000E+00  1.5717E-02
  9.0000E-01  3.5000E+00  3.1949E-03
  9.0000E-01  4.0000E+00  4.8625E-04
  9.0000E-01  4.5000E+00  5.5677E-05
  9.0000E-01  5.0000E+00  4.8122E-06
  9.0000E-01  5.5000E+00  3.1471E-07
  9.0000E-01  6.0000E+00  1.5600E-08
  9.0000E-01  6.5000E+00  5.8689E-10
  9.0000E-01  7.0000E+00  1.6775E-11
  9.0000E-01  7.5000E+00  3.6460E-13
  9.0000E-01  8.0000E+00  6.0296E-15
  9.0000E-01  8.5000E+00  7.5913E-17
  9.0000E-01  9.0000E+00  7.2792E-19
  9.0000E-01  9.5000E+00  5.3182E-21
  9.0000E-01  1.0000E+01  2.9614E-23
  9.0000E-01  1.0500E+01  1.2572E-25
  9.0000E-01  1.1000E+01  4.0698E-28
  9.0000E-01  1.1500E+01  1.0048E-30
  9.0000E-01  1.2000E+01  1.8926E-33
  9.0000E-01  1.2500E+01  2.7196E-36
  9.0000E-01  1.3000E+01  2.9821E-39
  9.0000E-01  1.3500E+01  2.4954E-42
  9.0000E-01  1.4000E+01  1.5938E-45
  9.0000E-01  1.4500E+01  7.7699E-49
  9.0000E-01  1.5000E+01  2.8916E-52
  1.0000E+00  5.0000E-01  2.5880E-01
  1.0000E+00  1.0000E+00  3.4584E-01
  1.0000E+00  1.5000E+00  2.6491E-01
  1.0000E+00  2.0000E+00  1.3786E-01
  1.0000E+00  2.5000E+00  5.1402E-02
  1.0000E+00  3.0000E+00  1.4062E-02
  1.0000E+00  3.5000E+00  2.8586E-03
  1.0000E+00  4.0000E+00  4.3507E-04
  1.0000E+00  4.5000E+00  4.9816E-05
  1.0000E+00  5.0000E+00  4.3057E-06
  1.0000E+00  5.5000E+00  2.8158E-07
  1.0000E+00  6.0000E+00  1.3958E-08
  1.0000E+00  6.5000E+00  5.2512E-10
  1.0000E+00  7.0000E+00  1.5010E-11
  1.0000E+00  7.5000E+00  3.2623E-13
  1.0000E+00  8.0000E+00  5.3950E-15
  1.0000E+00  8.5000E+00  6.7922E-17
  1.0000E+00  9.0000E+00  6.5130E-19
  1.0000E+00  9.5000E+00  4.7585E-21
  1.0000E+00  1.0000E+01  2.6497E-23
  1.0000E+00  1.0500E+01  1.1249E-25
  1.0000E+00  1.1000E+01  3.6414E-28
  1.0000E+00  1.1500E+01  8.9907E-31
  1.0000E+00  1.2000E+01  1.6934E-33
  1.0000E+00  1.2500E+01  2.4333E-36
  1.0000E+00  1.3000E+01  2.6682E-39
  1.0000E+00  1.3500E+01  2.2328E-42
  1.0000E+00  1.4000E+01  1.4260E-45
  1.0000E+00  1.4500E+01  6.9520E-49
  1.0000E+00  1.5000E+01  2.5872E-52
  1.1000E+00  5.0000E-01  2.2019E-01
  1.1000E+00  1.0000E+00  2.9424E-01
  1.1000E+00  1.5000E+00  2.2539E-01
  1.1000E+00  2.0000E+00  1.1729E-01
  1.1000E+00  2.5000E+00  4.3733E-02
  1.1000E+00  3.0000E+00  1.1964E-02
  1.1000E+00  3.5000E+00  2.4322E-03
  1.1000E+00  4.0000E+00  3.7016E-04
  1.1000E+00  4.5000E+00  4.2384E-05
  1.1000E+00  5.0000E+00  3.6633E-06
  1.1000E+00  5.5000E+00  2.3957E-07
  1.1000E+00  6.0000E+00  1.1875E-08
  1.1000E+00  6.5000E+00  4.4677E-10
  1.1000E+00  7.0000E+00  1.2770E-11
  1.1000E+00  7.5000E+00  2.7756E-13
  1.1000E+00  8.0000E+00  4.5901E-15
  1.1000E+00  8.5000E+00  5.7789E-17
  1.1000E+00  9.0000E+00  5.5413E-19
  1.1000E+00  9.5000E+00  4.0485E-21
  1.1000E+00  1.0000E+01  2.2544E-23
  1.1000E+00  1.0500E+01  9.5704E-26
  1.1000E+00  1.1000E+01  3.0981E-28
  1.1000E+00  1.1500E+01  7.6493E-31
  1.1000E+00  1.2000E+01  1.4407E-33
  1.1000E+00  1.2500E+01  2.0703E-36
  1.1000E+00  1.3000E+01  2.2701E-39
  1.1000E+00  1.3500E+01  1.8997E-42
  1.1000E+00  1.4000E+01  1.2133E-45
  1.1000E+00  1.4500E+01  5.9148E-49
  1.1000E+00  1.5000E+01  2.2012E-52
  1.2000E+00  5.0000E-01  1.7494E-01
  1.2000E+00  1.0000E+00  2.3377E-01
  1.2000E+00  1.5000E+00  1.7907E-01
  1.2000E+00  2.0000E+00  9.3185E-02
  1.2000E+00  2.5000E+00  3.4746E-02
  1.2000E+00  3.0000E+00  9.5056E-03
  1.2000E+00  3.5000E+00  1.9323E-03
  1.2000E+00  4.0000E+00  2.9409E-04
  1.2000E+00  4.5000E+00  3.3674E-05
  1.2000E+00  5.0000E+00  2.9105E-06
  1.2000E+00  5.5000E+00  1.9034E-07
  1.2000E+00  6.0000E+00  9.4348E-09
  1.2000E+00  6.5000E+00  3.5496E-10
  1.2000E+00  7.0000E+00  1.0146E-11
  1.2000E+00  7.5000E+00  2.2052E-13
  1.2000E+00  8.0000E+00  3.6468E-15
  1.2000E+00  8.5000E+00  4.5912E-17
  1.2000E+00  9.0000E+00  4.4025E-19
  1.2000E+00  9.5000E+00  3.2165E-21
  1.2000E+00  1.0000E+01  1.7911E-23
  1.2000E+00  1.0500E+01  7.6036E-26
  1.2000E+00  1.1000E+01  2.4614E-28
  1.2000E+00  1.1500E+01  6.0773E-31
  1.2000E+00  1.2000E+01  1.1446E-33
  1.2000E+00  1.2500E+01  1.6448E-36
  1.2000E+00  1.3000E+01  1.8036E-39
  1.2000E+00  1.3500E+01  1.5093E-42
  1.2000E+00  1.4000E+01  9.6393E-46
  1.2000E+00  1.4500E+01  4.6993E-49
  1.2000E+00  1.5000E+01  1.7488E-52
  1.3000E+00  5.0000E-01  1.2693E-01
  1.3000E+00  1.0000E+00  1.6962E-01
  1.3000E+00  1.5000E+00  1.2993E-01
  1.3000E+00  2.0000E+00  6.7614E-02
  1.3000E+00  2.5000E+00  2.5211E-02
  1.3000E+00  3.0000E+00  6.8971E-03
  1.3000E+00  3.5000E+00  1.4021E-03
  1.3000E+00  4.0000E+00  2.1339E-04
  1.3000E+00  4.5000E+00  2.4433E-05
  1.3000E+00  5.0000E+00  2.1118E-06
  1.3000E+00  5.5000E+00  1.3811E-07
  1.3000E+00  6.0000E+00  6.8458E-09
  1.3000E+00  6.5000E+00  2.5755E-10
  1.3000E+00  7.0000E+00  7.3617E-12
  1.3000E+00  7.5000E+00  1.6000E-13
  1.3000E+00  8.0000E+00  2.6460E-15
  1.3000E+00  8.5000E+00  3.3313E-17
  1.3000E+00  9.0000E+00  3.1944E-19
  1.3000E+00  9.5000E+00  2.3339E-21
  1.3000E+00  1.0000E+01  1.2996E-23
  1.3000E+00  1.0500E+01  5.5170E-26
  1.3000E+00  1.1000E+01  1.7860E-28
  1.3000E+00  1.1500E+01  4.4096E-31
  1.3000E+00  1.2000E+01  8.3053E-34
  1.3000E+00  1.2500E+01  1.1935E-36
  1.3000E+00  1.3000E+01  1.3087E-39
  1.3000E+00  1.3500E+01  1.0951E-42
  1.3000E+00  1.4000E+01  6.9942E-46
  1.3000E+00  1.4500E+01  3.4097E-49
  1.3000E+00  1.5000E+01  1.2689E-52
  1.4000E+00  5.0000E-01  8.1069E-02
  1.4000E+00  1.0000E+00  1.0833E-01
  1.4000E+00  1.5000E+00  8.2983E-02
  1.4000E+00  2.0000E+00  4.3184E-02
  1.4000E+00  2.5000E+00  1.6102E-02
  1.4000E+00  3.0000E+00  4.4051E-03
  1.4000E+00  3.5000E+00  8.9547E-04
  1.4000E+00  4.0000E+00  1.3629E-04
  1.4000E+00  4.5000E+00  1.5605E-05
  1.4000E+00  5.0000E+00  1.3488E-06
  1.4000E+00  5.5000E+00  8.8206E-08
  1.4000E+00  6.0000E+00  4.3723E-09
  1.4000E+00  6.5000E+00  1.6449E-10
  1.4000E+00  7.0000E+00  4.7018E-12
  1.4000E+00  7.5000E+00  1.0219E-13
  1.4000E+00  8.0000E+00  1.6900E-15
  1.4000E+00  8.5000E+00  2.1277E-17
  1.4000E+00  9.0000E+00  2.0402E-19
  1.4000E+00  9.5000E+00  1.4906E-21
  1.4000E+00  1.0000E+01  8.3002E-24
  1.4000E+00  1.0500E+01  3.5236E-26
  1.4000E+00  1.1000E+01  1.1407E-28
  1.4000E+00  1.1500E+01  2.8163E-31
  1.4000E+00  1.2000E+01  5.3044E-34
  1.4000E+00  1.2500E+01  7.6224E-37
  1.4000E+00  1.3000E+01  8.3581E-40
  1.4000E+00  1.3500E+01  6.9942E-43
  1.4000E+00  1.4000E+01  4.4670E-46
  1.4000E+00  1.4500E+01  2.1777E-49
  1.4000E+00  1.5000E+01  8.1045E-53
  1.5000E+00  5.0000E-01  4.2606E-02
  1.5000E+00  1.0000E+00  5.6935E-02
  1.5000E+00  1.5000E+00  4.3612E-02
  1.5000E+00  2.0000E+00  2.2695E-02
  1.5000E+00  2.5000E+00  8.4623E-03
  1.5000E+00  3.0000E+00  2.3151E-03
  1.5000E+00  3.5000E+00  4.7062E-04
  1.5000E+00  4.0000E+00  7.1625E-05
  1.5000E+00  4.5000E+00  8.2012E-06
  1.5000E+00  5.0000E+00  7.0884E-07
  1.5000E+00  5.5000E+00  4.6357E-08
  1.5000E+00  6.0000E+00  2.2979E-09
  1.5000E+00  6.5000E+00  8.6450E-11
  1.5000E+00  7.0000E+00  2.4710E-12
  1.5000E+00  7.5000E+00  5.3707E-14
  1.5000E+00  8.0000E+00  8.8817E-16
  1.5000E+00  8.5000E+00  1.1182E-17
  1.5000E+00  9.0000E+00  1.0722E-19
  1.5000E+00  9.5000E+00  7.8338E-22
  1.5000E+00  1.0000E+01  4.3622E-24
  1.5000E+00  1.0500E+01  1.8519E-26
  1.5000E+00  1.1000E+01  5.9948E-29
  1.5000E+00  1.1500E+01  1.4801E-31
  1.5000E+00  1.2000E+01  2.7878E-34
  1.5000E+00  1.2500E+01  4.0060E-37
  1.5000E+00  1.3000E+01  4.3926E-40
  1.5000E+00  1.3500E+01  3.6758E-43
  1.5000E+00  1.4000E+01  2.3477E-46
  1.5000E+00  1.4500E+01  1.1445E-49
  1.5000E+00  1.5000E+01  4.2593E-53
  1.6000E+00  5.0000E-01  1.5972E-02
  1.6000E+00  1.0000E+00  2.1344E-02
  1.6000E+00  1.5000E+00  1.6350E-02
  1.6000E+00  2.0000E+00  8.5082E-03
  1.6000E+00  2.5000E+00  3.1724E-03
  1.6000E+00  3.0000E+00  8.6790E-04
  1.6000E+00  3.5000E+00  1.7643E-04
  1.6000E+00  4.0000E+00  2.6851E-05
  1.6000E+00  4.5000E+00  3.0745E-06
  1.6000E+00  5.0000E+00  2.6574E-07
  1.6000E+00  5.5000E+00  1.7379E-08
  1.6000E+00  6.0000E+00  8.6144E-10
  1.6000E+00  6.5000E+00  3.2409E-11
  1.6000E+00  7.0000E+00  9.2636E-13
  1.6000E+00  7.5000E+00  2.0134E-14
  1.6000E+00  8.0000E+00  3.3296E-16
  1.6000E+00  8.5000E+00  4.1920E-18
  1.6000E+00  9.0000E+00  4.0197E-20
  1.6000E+00  9.5000E+00  2.9368E-22
  1.6000E+00  1.0000E+01  1.6353E-24
  1.6000E+00  1.0500E+01  6.9424E-27
  1.6000E+00  1.1000E+01  2.2474E-29
  1.6000E+00  1.1500E+01  5.5488E-32
  1.6000E+00  1.2000E+01  1.0451E-34
  1.6000E+00  1.2500E+01  1.5018E-37
  1.6000E+00  1.3000E+01  1.6468E-40
  1.6000E+00  1.3500E+01  1.3780E-43
  1.6000E+00  1.4000E+01  8.8011E-47
  1.6000E+00  1.4500E+01  4.2906E-50
  1.6000E+00  1.5000E+01  1.5968E-53
  1.7000E+00  5.0000E-01  2.8525E-03
  1.7000E+00  1.0000E+00  3.8119E-03
  1.7000E+00  1.5000E+00  2.9199E-03
  1.7000E+00  2.0000E+00  1.5195E-03
  1.7000E+00  2.5000E+00  5.6657E-04
  1.7000E+00  3.0000E+00  1.5500E-04
  1.7000E+00  3.5000E+00  3.1509E-05
  1.7000E+00  4.0000E+00  4.7954E-06
  1.7000E+00  4.5000E+00  5.4909E-07
  1.7000E+00  5.0000E+00  4.7458E-08
  1.7000E+00  5.5000E+00  3.1037E-09
  1.7000E+00  6.0000E+00  1.5385E-10
  1.7000E+00  6.5000E+00  5.7880E-12
  1.7000E+00  7.0000E+00  1.6544E-13
  1.7000E+00  7.5000E+00  3.5958E-15
  1.7000E+00  8.0000E+00  5.9465E-17
  1.7000E+00  8.5000E+00  7.4865E-19
  1.7000E+00  9.0000E+00  7.1788E-21
  1.7000E+00  9.5000E+00  5.2449E-23
  1.7000E+00  1.0000E+01  2.9206E-25
  1.7000E+00  1.0500E+01  1.2398E-27
  1.7000E+00  1.1000E+01  4.0136E-30
  1.7000E+00  1.1500E+01  9.9097E-33
  1.7000E+00  1.2000E+01  1.8665E-35
  1.7000E+00  1.2500E+01  2.6821E-38
  1.7000E+00  1.3000E+01  2.9409E-41
  1.7000E+00  1.3500E+01  2.4610E-44
  1.7000E+00  1.4000E+01  1.5718E-47
  1.7000E+00  1.4500E+01  7.6627E-51
  1.7000E+00  1.5000E+01  2.8517E-54
  1.8000E+00  5.0000E-01  1.8842E-05
  1.8000E+00  1.0000E+00  2.5178E-05
  1.8000E+00  1.5000E+00  1.9287E-05
  1.8000E+00  2.0000E+00  1.0037E-05
  1.8000E+00  2.5000E+00  3.7423E-06
  1.8000E+00  3.0000E+00  1.0238E-06
  1.8000E+00  3.5000E+00  2.0812E-07
  1.8000E+00  4.0000E+00  3.1675E-08
  1.8000E+00  4.5000E+00  3.6268E-09
  1.8000E+00  5.0000E+00  3.1347E-10
  1.8000E+00  5.5000E+00  2.0500E-11
  1.8000E+00  6.0000E+00  1.0162E-12
  1.8000E+00  6.5000E+00  3.8231E-14
  1.8000E+00  7.0000E+00  1.0928E-15
  1.8000E+00  7.5000E+00  2.3751E-17
  1.8000E+00  8.0000E+00  3.9277E-19
  1.8000E+00  8.5000E+00  4.9450E-21
  1.8000E+00  9.0000E+00  4.7417E-23
  1.8000E+00  9.5000E+00  3.4643E-25
  1.8000E+00  1.0000E+01  1.9291E-27
  1.8000E+00  1.0500E+01  8.1894E-30
  1.8000E+00  1.1000E+01  2.6511E-32
  1.8000E+00  1.1500E+01  6.5455E-35
  1.8000E+00  1.2000E+01  1.2328E-37
  1.8000E+00  1.2500E+01  1.7716E-40
  1.8000E+00  1.3000E+01  1.9426E-43
  1.8000E+00  1.3500E+01  1.6255E-46
  1.8000E+00  1.4000E+01  1.0382E-49
  1.8000E+00  1.4500E+01  5.0614E-53
  1.8000E+00  1.5000E+01  1.8836E-56
