12099029
12099030
12099031
12099032
12099033
12099034
12099035
12099037
12099040
12099041
12099042
12099044
12099045
12099059
12099060
12099061
12099062
12099063
12100002
12100003
12100004
12100005
12100006
12100008
12100009
12100010
12100026
12100027
12101007
12101008
12101009
12101042
12101043
12101044
12101045
12101048
12101049
12101050
12101060
12101061
12101062
12101063
12102030
12102031
12102033
12102035
12102037
12102039
12102041
12102042
12102043
12102046
12102047
12102048
12102049
12102050
12102051
12102052
12102053
12102054
12103009
12103016
12103018
12103020
12103021
12103022
12103023
12103024
12103027
12103029
12104013
12104014
12104015
12104017
12104018
12104019
12104085
12105004
12105005
12105009
12105010
12105016
12105017
12106017
12106018
12106019
12106020
12106022
12106023
12106024
12106025
12106026
12106027
12106032
12106033
12106034
12106035
12106036
12106037
12106038
12106039
12106040
12106041
12106048
12106049
12106050
12106053
12106054
12106055
12106067
12106068
12106069
12106071
12106073
12106074
12107002
12107008
12107009
12107010
12107011
12107012
12107014
12107026
12107027
12107030
12107031
12107033
12107034
12107035
12107037
12107038
12107039
12107040
12107041
12107042
12107043
12107044
12107045
12107046
12107047
12107048
12108004
12108005
12108006
12108007
12108008
12108009
12108010
12108011
12108013
12108015
12108016
12108017
12108018
12108019
12108020
