12062022
12060039
12079030
12076028
12060009
12087101
12060051
12090053
12098030
12098031
12098022
12098021
12098020
12098019
12098014
12098018
12098013
12098012
12097016
12097017
12097013
12098008
12097020
12097019
12097012
12097018
12098010
12097022
12098009
12097021
12097011
12097010
12097009
12097008
12097007
12097003
12097004
12097002
12096061
12096062
12096058
12096060
12096057
12096059
12096047
12096032
12096034
12096048
12096033
12096030
12096028
12096029
12096031
12096027
12096024
12096026
12096023
12096018
12096025
12096016
12096021
12096019
12096020
12096056
12096049
12096015
12096014
12096006
12096005
12095063
12095061
12096017
12095059
12095060
12095058
12095057
12095056
12095054
12095055
12095052
12095046
12095050
12095045
12095044
12095043
12095022
12095023
12095038
12095039
12095021
12095008
12095042
12095012
12095013
12095011
12095006
12095041
12095010
12095005
12094065
12094064
12094063
12094062
12094061
12094060
12094024
12094025
12094022
12094021
12094026
12094020
12090009
12090046
12090054
12090020
12090045
12091021
12091009
12091047
12093010
12091012
12091043
12093024
12091044
12094016
12092047
12093002
12093003
12093004
12093025
12093033
12093036
12090011
12091014
12091017
12090010
12091041
12090021
12091042
12090042
12092021
12091007
12091011
12093032
12091019
12093034
12094009
12091052
12094015
12092004
12094018
12094012
12090003
12090043
12091046
12091051
12093007
12093039
12093040
12090048
12090055
12093023
12093049
12094017
12090049
12090050
12090051
12091006
12091016
12080064
12090002
12091045
12092001
12092020
12093031
12090019
12094010
12090060
12091010
12091013
12093041
12094013
12094014
12091023
12093008
12093051
12094011
12098017
12091053
12091054
12091048
12093030
12081025
12082004
12090047
12093044
12080067
12081023
12091005
12082002
12092002
12091022
12093006
12093005
12093050
12080069
12082007
12091049
12090052
12092003
12091018
12093001
12081053
12093014
12094019
12081057
12081009
12082005
12093037
12080062
12081027
12092005
12093042
12081015
12080059
12080070
12081016
12091004
12080068
12080058
12082003
12083022
12083046
12082001
12083023
12084015
12080066
12081055
12083051
12084004
12090017
12081022
12081070
12083024
12083058
12083021
12082024
12086017
12084021
12086005
12081021
12086006
12083061
12083012
12081069
12086046
12081024
12083060
12086019
12086034
12087003
12087004
12083020
12087045
12083019
12084014
12086004
12082023
12081052
12081056
12087102
12085024
12086047
12083059
12092037
12083045
12084012
12085029
12087053
12083057
12084020
12086007
12087005
12087033
12087100
12089011
12085031
12081012
12088075
12086035
12087026
12083018
12087084
12075041
12081014
12081050
12083013
12083016
12083055
12084010
12085030
12086042
12087025
12087080
12087095
12087096
12087099
12088086
12089087
12075039
12083011
12083056
12084011
12084013
12084016
12084019
12086038
12087097
12088050
12088078
12088080
12088088
12075034
12082022
12083054
12075030
12076008
12086002
12087023
12087032
12087098
12088077
12088087
12087085
12088076
12079005
12081020
12084009
12086001
12086041
12089085
12083014
12075031
12075043
12084018
12081011
12081013
12076029
12086037
12086040
12083047
12087002
12083017
12087027
12086033
12088079
12088081
12089008
12076002
12084017
12085027
12086039
12087012
12075032
12076009
12085023
12087054
12079038
12085026
12075019
12075021
12075022
12085028
12089009
12089010
12085025
12079026
12076007
12086020
12089088
12075024
12075029
12075033
12076034
12076031
12079027
12089006
12075040
12060001
12060006
12079039
12064033
12060044
12060056
12075042
12079031
12079040
12060005
12060010
12060011
12061018
12079028
12060007
12060038
12089086
12060004
12060042
12060058
12060144
12060146
12062021
12093009
12060145
12060041
12060049
12060143
12060037
12060048
12062019
12060040
12064027
12042027
12042028
12042033
12043044
12043047
12043053
12044088
12060033
12060035
12060046
12060138
12061016
12062011
12062012
12062015
12062018
12064005
12064007
12064028
12064035
12064036
12064043
12064044
12064058
12064063
12064066
12064070
12064071
12064084
12064085
12065007
12042030
12042036
12043045
12043055
12044038
12044079
12060036
12061015
12062013
12043048
12064008
12060030
12064010
12065001
12061006
12061011
12065006
12062016
12064011
12064013
12064014
12064015
12064016
12064059
12064062
12064065
12064086
12064087
12042034
12065009
12042035
12043046
12062014
12064026
12064045
12065004
12065018
12060034
12060043
12060047
12064064
12064067
12064068
12064069
12042026
12043052
12044023
12060045
12042029
12064090
12065016
12061014
12064040
12044043
12064060
12064061
12064088
12043051
12064012
12064029
12044091
12044094
12061008
12043060
12044041
12044093
12064034
12061010
12061013
12043049
12043081
12065011
12045006
12046038
12064042
12044100
12044024
12043077
12046100
12043068
12043078
12044025
12044030
12044031
12044042
12044080
12045004
12045011
12046036
12046039
12046042
12046102
12046104
12047009
12047017
12047018
12047019
12047020
12049038
12080052
12088022
12088031
12038086
12043065
12043069
12044050
12044052
12043066
12046041
12046046
12046070
12046095
12044054
12046107
12044098
12049037
12044099
12049043
12045002
12046068
12049067
12088028
12044039
12080011
12044040
12080012
12044051
12087034
12044055
12045005
12046035
12046037
12046040
12046069
12046075
12059010
12080001
12088034
12038089
12038106
12044101
12044102
12044103
12046098
12046103
12046105
12047021
12049069
12043067
12044026
12044029
12045013
12045016
12080018
12059008
12064003
12088049
12044053
12044097
12038078
12044096
12080054
12080055
12088033
12059012
12059013
12038088
12044092
12045001
12046043
12049042
12038087
12038092
12038115
12043079
12046099
12046106
12038082
12038080
12046097
12047016
12049070
12049071
12059016
12083052
12046101
12049044
12050023
12087036
12087038
12080017
12047011
12038079
12050045
12079042
12038081
12050024
12062017
12075027
12079049
12079050
12080053
12051022
12051035
12080004
12079046
12083053
12079043
12092038
12038108
12050034
12050039
12050042
12051027
12051028
12051034
12052029
12090007
12079045
12050048
12052020
12075025
12079047
12059007
12088035
12059006
12088030
12075028
12090022
12050037
12050040
12050044
12050046
12051010
12051030
12051054
12051057
12051063
12052023
12052026
12052054
12053039
12054025
12057012
12058022
12059024
12050022
12051012
12051014
12051062
12051065
12052048
12052049
12053036
12053040
12053041
12053052
12053056
12053057
12050035
12053058
12053070
12059035
12050038
12051020
12051032
12051033
12051038
12051059
12083050
12052011
12052019
12052047
12053010
12053051
12053054
12051011
12054030
12057008
12057018
12051023
12058004
12051025
12051031
12051036
12053042
12079041
12053043
12053049
12054018
12056009
12058054
12088026
12090006
12051007
12051037
12052027
12053048
12093011
12050047
12051013
12052014
12052028
12052031
12052033
12052051
12053013
12057010
12058024
12059019
12051006
12051024
12052013
12050041
12051008
12051026
12059031
12052034
12054015
12056020
12088032
12052021
12058001
12051009
12051053
12051055
12051064
12058017
12054019
12080010
12051029
12052018
12056011
12052024
12052032
12053005
12053050
12054016
12054021
12059029
12052022
12057011
12052030
12053044
12054013
12057017
12058058
12059027
12051021
12052012
12052050
12053006
12055034
12057059
12057060
12058003
12058048
12051052
12053009
12053031
12054014
12059080
12080020
12056016
12056018
12058012
12058049
12053008
12054022
12055035
12057009
12058013
12058016
12058050
12059082
12053011
12054017
12055031
12056015
12056017
12057052
12059037
12059079
12051056
12054026
12057014
12058011
12058014
12058015
12058052
12058057
12059039
12054028
12057020
12057053
12057055
12057058
12058005
12058019
12058021
12058040
12059036
12059078
12059083
12053007
12057016
12057051
12059084
12054024
12054027
12056008
12056012
12056014
12057054
12054020
12056019
12057019
12057022
12057050
12059011
12059028
12059038
12054029
12056010
12058055
12059018
12059021
12059030
12059070
12056013
12057013
12059009
12059017
12059071
12057057
12059020
12059077
12056007
12058018
12093012
