14091002
14091003
14091004
14091005
14091006
14091008
14091013
14091016
14091017
14091018
14091019
14091020
14091021
14091022
14091023
14091026
14091027
14091028
14091029
14091030
14091064
14091065
14092001
14092002
14092004
14092005
14092011
14092015
14092024
14092030
14092057
14092058
14092061
14092062
14092063
14092065
14092067
14092068
14092071
14092087
14092090
14092091
14092092
14092093
14092097
14092098
14092099
14092100
14092101
14092104
14092105
14092106
14092107
14092108
14092109
14092110
14093001
14093005
14093006
14093007
14093008
14093009
14093010
14093014
14093015
14093016
14093017
14093018
14093019
14093020
14093021
14094005
14094006
14094007
14094008
14094020
14094022
14094024
14095012
14095019
14095020
14095022
14095023
14095024
14095025
14095027
14095029
14095030
14095034
14095035
14095038
14095039
14096010
14096011
14096013
14096077
14096084
14096085
14097005
14097006
14097014
14097019
14097020
14132047
14132067
14132068
14132079
14132082
14133002
14133004
14133016
14133030
14134008
14134015
14134016
14134017
14134018
14134036
14134038
14134039
14134046
14134049
14134050
14134062
14134063
14134065
14135002
14135009
14135016
14135019
14135021
14135022
14135023
14136004
14136007
14136011
14136012
14136014
14136030
14136031
14136032
14136035
14136036
14136037
14136047
14136048
14136055
14136057
14136061
14137002
14137003
14137004
14137005
14137013
14137020
14137021
14137049
14137055
14137064
14137084
14137086
14138005
14138012
14138018
14138028
14138030
14138033
14138034
14138040
14138041
14138042
14138048
14138050
14138051
14138060
14138066
14139011
14139012
14139016
14139017
14139018
14139021
14139023
14139047
14139052
14139062
14139069
14139070
14140002
14140007
14140008
14140014
14140015
14140020
14140024
14140025
14140028
14140029
14140030
14140045
14140047
14140048
14140050
14140056
14140062
14141002
14141013
14141021
14141022
14141023
14141024
14141045
14141046
14141070
14141071
14141072
14141056
14141057
14142009
14142011
14142012
14142014
14142016
14142017
14142108
14142110
14142111
14143093
14143112
14143117
14143119
14144005
14144006
14144007
14144008
14144024
14144036
14144057
14144115
14144120
14144121
14144126
14144128
14145012
14145028
14145030
14145033
14145034
14145036
14145038
14145039
14145040
14145064
14145066
14145068
14145075
14145077
14145084
14145085
14145090
14146007
14146008
14146015
14146016
14146017
14146024
14146028
14146029
14146053
14146057
14146059
14146072
14146074
14146076
14147003
14147005
14147007
14147016
14147017
14147062
14147063
14148024
14150048
14150058
14150059
14150130
14150132
14150138
14151012
14151014
14151019
14151022
14151031
14151035
14151039
14151042
14151085
14151089
14151090
14151103
14151105
14151109
14152001
14152002
14152006
14152017
14152022
14152046
14152047
14152048
14152049
14152050
14152053
14152054
14152059
14152068
14153007
14153008
14153009
14153010
14153023
14153024
14153038
14153039
14153040
14153049
14153053
14153060
14153061
14153062
14153071
14154005
14154013
14154016
14154017
14154018
14154037
14154056
14154058
14154059
14155005
14155007
14155010
14155016
14155044
14155048
14155051
14155056
14155057
14155058
14155061
14155062
14155092
14156003
14156015
14156016
14157005
14157006
14157007
14157010
14157011
14157014
14157024
14158001
14158005
14158006
14158015
14158016
14158017
14158039
14159011
14159012
14159019
14159023
14159026
14159028
14159042
14159064
14159065
14159067
14159071
14159074
14159075
14160016
14160020
14160027
14160031
14160033
14160047
14160050
14160051
14160052
14160053
14160054
14160058
14161001
14161002
14161003
14161004
14161005
14161006
14161007
14161008
14161009
14161010
14161011
14161012
14161013
14161014
14161015
14161016
14161018
14161020
14151038
