13077064
13077066
13077067
13077068
13077069
13077070
13077073
13077075
13077076
13077077
13077078
13077079
13077081
13078001
13078002
13078003
13078004
13078006
13078007
13078009
13078011
13078012
13078014
13078028
13078035
13078036
13078037
13078039
13078040
13078042
13078043
13078045
13078050
13078051
13078052
13078054
13078055
13078056
13078057
13078058
13078060
13078063
13078070
13079020
13079021
13079022
13079023
13079024
13079029
13079031
13079032
13079033
13079034
13079035
13079036
13079037
13079038
13079044
13079073
13079074
13079075
13079076
13079077
13079079
13080001
13080002
13080003
13080004
13080005
13080010
13080011
13080013
13080014
13080015
13080083
13080084
13080085
13080086
13080088
13080089
13080090
13080091
13080092
13080093
13080094
13080095
13080096
13080097
13080098
13080099
13081001
13081004
13081005
13081006
13081007
13081019
13081020
13082001
13082002
13082003
13082004
13082005
13082006
13082007
13082008
13082009
13082010
13082011
13082014
13083009
13083010
13083013
13083014
13083015
13083016
13083017
13083018
13083019
13083021
13083022
13083023
13083024
13083025
13083026
13083027
13083029
13083030
13083040
13083041
13083042
13083044
13083046
13083059
13083067
13083068
13083069
13083070
13083071
13083073
13083074
13083076
13083078
13083079
13083081
13083082
13083084
13084001
13084003
13084004
13084005
13084006
13084007
13084008
13084023
13084024
13084025
13084027
13084028
13084032
13084034
13084035
13084036
13084037
13084038
13084039
13084040
13084041
13084048
13084049
13084051
13085004
13085005
13085006
13085007
13085008
13085009
13085010
13085011
13085028
13085029
13085030
13085031
13085032
13085033
13085034
13085035
13085036
13085040
13085041
13085046
13085047
13085048
13085050
13085060
13085061
13086001
13086002
13086003
13086065
13086066
13086067
13086068
13086069
13086070
13086071
13086072
13086073
13086075
13086078
13086079
13086080
13086081
13086082
13086083
13086084
13086085
13086087
13086088
13087009
13087010
13087011
13087012
13087013
13087014
13087015
13087016
13087017
13087018
13087019
13087020
13087022
13087025
13087026
13087037
13087038
13087048
13087049
13087050
13087053
13087054
13087055
13087056
13087058
13087059
13087060
13087062
13087063
13087064
13089021
13089022
13089023
13089024
13089025
13089026
13089027
13089028
13090005
13090006
13090007
13090008
13090009
13090010
13090011
13090012
13090013
13090015
13090016
13090017
13090018
13090019
13090020
13090021
13090022
13090023
13090035
13090037
13090038
13090039
13090040
13090043
13090048
13090049
13091001
13091002
13091005
13091009
13091011
13091012
13091019
13091020
13091023
13091024
13091025
13091027
13091032
13091033
13091034
13091035
13091036
13091037
13091038
13091041
13091042
13091043
13091044
13091045
13091049
13091050
13091051
13091052
13092005
13092006
13092007
13092008
13092016
13092020
13092021
13092022
13092026
13092027
13092028
13092029
13092035
13092036
13092037
13092038
13092039
13092040
13092041
13092042
13092044
13092045
13092046
13092047
13093009
13093011
13093012
13093014
13093015
13093016
13093017
13093018
13093019
13093020
13093022
13093023
13093024
13093025
13093026
13093027
13093028
13093029
13093030
13093031
13093032
13093033
13093034
13093035
13093036
13093037
13093038
13093043
13093044
13093045
13093046
13094001
13094003
13094004
13094005
13094007
13094008
13094009
13094010
13094011
13094013
13094014
13094015
13094016
13094017
13094018
13094019
13094020
13094021
13094022
13094041
13094044
13094045
13094050
13094052
13094053
13094054
13094069
13094079
13094080
13094081
13094082
13094083
13094089
13094091
13095001
13095002
13095003
13095004
13095005
13095006
13095007
13095008
13095009
13095010
13095012
13095013
13095014
13095015
13095016
13095017
13095043
13095045
13095046
13095047
13095048
13095049
13096001
13096002
13096003
13096004
13096005
13096006
13096009
13096010
13096060
13096061
13096062
13096063
13096064
13096065
13096066
13096067
13096068
13096069
13096070
13097001
13097002
13097003
13097004
13097005
13097006
13097007
13097021
13097022
13097023
13097024
13097025
13097026
13097027
13097028
13097029
13097030
13097032
13097033
13097034
13097035
13097036
13097037
13097038
13097039
13098028
13098029
13098031
13098032
13098036
13098039
13098040
13098041
13098042
13098043
13098044
13098045
13098046
13098047
13098048
13098049
13098062
13098066
13099001
13099003
13099004
13099005
13099006
13099007
13099009
13099010
13099011
13099013
13099014
13099015
13099025
13099026
13099027
13099028
13099030
13099031
13099032
13099033
13099034
13099035
13099036
13099037
13099038
13099039
13099044
13099045
13099046
13099056
13099058
13100001
13100002
13100003
13100004
13100005
13100006
13100007
13100008
13100009
13100010
13100011
13100012
13100013
13100014
13100015
13100025
13100026
13100027
13100028
13100029
13100030
13100031
13100032
13100033
13100034
13100035
13100036
13100037
13100038
13100039
13100040
13100041
13100042
13100049
13100051
13100053
13100054
13100055
13100056
13100057
13100059
13100060
13101001
13101002
13101003
13101004
13101005
13101006
13101007
13101012
13101013
13101015
13101016
13101020
13101021
13101024
13101026
13101027
13101038
13101039
13101040
13101041
13101042
13101043
13101044
13101045
13101046
13101047
13101048
13101049
13101050
13101058
13101059
13101060
13101061
13103003
13103004
13103006
13103007
13103010
13103011
13103012
13103013
13103014
13103015
13103016
13103017
13104002
13104003
13104004
13104005
13104006
13104008
13104009
13104011
13104012
13104013
13104014
13104018
13104019
13104022
13104043
13104044
13104045
13104046
13104047
13104050
13104051
13104052
13104053
13104054
13104055
13104056
13104057
13104058
13104059
13104060
13104061
13104062
13104063
13105004
13105005
13105006
13105007
13105008
13105009
13105010
13105011
13105012
13105014
13105015
13105016
13105017
13105018
13105019
13105021
13105022
13105037
13105038
13105039
13105040
13105041
13105042
13105043
13105044
13105046
13105047
13105048
13105049
13105050
13105051
13105052
13105053
13105054
13105055
13105056
13105057
13105061
13105062
13105063
13105064
13105065
13105066
13106001
13106002
13106003
13106005
13106006
13106007
13106008
13106009
13106010
13106011
13106012
13106023
13106024
13106025
13106035
13106038
13106039
13106040
13106041
13106042
13106043
13106044
13106045
13106046
13106047
13106049
13106050
13106051
13106052
13106053
13106059
13106062
13106064
13106066
13106069
13106071
13106072
13106073
13106074
13106075
13106076
13107001
13107002
13107003
13107005
13107006
13107007
13107012
13107013
13107014
13107015
13107016
13107017
13107019
13107021
13107024
13107025
13107026
13107027
13107028
13107029
13107030
13107031
13107032
13107033
13107034
13107052
13107059
13107060
13107062
13108001
13108002
13108003
13108008
13108009
13108010
13108011
13108012
13108013
13108016
13108024
13108025
13108026
13108028
13108029
13108031
13108032
13108033
13108034
13108040
13108043
13108044
13108045
13108046
13108050
13108070
13108071
13108072
13108073
13108074
13108079
13108080
13109013
13109014
13109015
13109016
13109017
13109018
13109025
13109026
13109027
