12028020
12028021
12034091
12037041
12042028
12042033
12042034
12043049
12043050
12043052
12043055
12043067
12043068
12043076
12043077
12043078
12043079
12044029
12044030
12044031
12046097
12046102
12046103
12046105
12047016
12047018
12047019
12049067
12049070
12051021
12051023
12051029
12051030
12051031
12051033
12051036
12051037
12051038
12052012
12052018
12052022
12052023
12052024
12052027
12052030
12052032
12053009
12053011
12053050
12053055
12053056
12053057
12058057
12059079
12061008
12061010
12061011
12061014
12061015
12061016
12064011
12064027
12064028
12064035
12064036
12064042
12064044
12064063
12064064
12064065
12064067
12064069
12064070
12064071
12064090
12065002
12065006
12065007
12065009
12075024
12075032
12075033
12075040
12075041
12075042
12075043
12079005
12079027
12079030
12079038
12079040
12095059
12080059
12080066
12080067
12080068
12080069
12080070
12081011
12081012
12081013
12081014
12081020
12081021
12081022
12081024
12081025
12081050
12081055
12081056
12081069
12081070
12082001
12082003
12082022
12082023
12083011
12083013
12083014
12083016
12083017
12083018
12083020
12083021
12083022
12083047
12083054
12083055
12083056
12083057
12083059
12083060
12083061
12084009
12084010
12084011
12084013
12084016
12084017
12084018
12084019
12084020
12085023
12085025
12085027
12085028
12085030
12085031
12086001
12086002
12086003
12086004
12086007
12086037
12086038
12086039
12086040
12086041
12086042
12086047
12087002
12087012
12087023
12087025
12087032
12087054
12087080
12087095
12087096
12087097
12087098
12087099
12087101
12088050
12088076
12095057
12088078
12088079
12088080
12088086
12095056
12089009
12089085
12089087
12090002
12090009
12090010
12090011
12090041
12090042
12090046
12090047
12090048
12090049
12090050
12090051
12090052
12090053
12091007
12091009
12091011
12091012
12091016
12091017
12091019
12091021
12091043
12091044
12091045
12091046
12091047
12091049
12091051
12091052
12092002
12092043
12092044
12092045
12093002
12093003
12093004
12093007
12093023
12093024
12093031
12093032
12093033
12093039
12093042
12093049
12094009
12094010
12094011
12094013
12094014
12094016
12094020
12094024
12094061
12094062
12094065
12095043
12095021
12095023
12095005
12094064
12094063
12093040
12095060
12096006
12096026
12096027
12096029
12097008
12097010
12097011
12097013
12097016
12097017
12097018
12097019
12098010
12098012
12098017
12098018
12098019
12098020
12098021
12056086
12059067
12064081
12076003
12080005
12081029
12081054
12083009
12083010
12083025
12084005
12084023
12086008
12086036
12087007
12087057
12088090
12089084
12089089
12089093
12090024
12090061
12091003
12091024
12091025
12091040
12092011
12092019
12092036
12092042
12093021
12093022
12093029
12093046
12093048
12094008
12094059
12095016
12095018
12095020
12095037
12095064
12096004
12096011
12096036
12096046
12097005
12097024
12098007
12098016
12098036
12075028
12079041
12079042
12079043
12079045
12079046
12079047
12079050
12080001
12080004
12080011
12080012
12080017
12080018
12080020
12080055
12083053
12088028
12090006
12095052
12095054
12098030
