120380
120381
120420
120430
120440
120441
12045001
12045002
12045004
12045005
12045006
12045011
12045013
12045016
120460
120461
120470
120490
120500
120510
120520
120530
120540
120550
120560
120570
120580
120590
120600
120601
120610
120620
120640
120650
120750
120760
120790
120800
120810
120820
120830
120840
120850
120860
120870
120871
120880
120890
120900
120910
120920
120930
120940
120950
120960
120970
12098008
12098009
12098010
12098012
12098013
12098014
12098017
12098018
12098019
12098020
12098021
12098022
12098030
12098031
120990
12100002
12100003
12100004
12100005
12100006
12100008
12100009
12100010
12100026
12100027
12101007
12101008
12101009
12101042
12101043
12101044
12101045
12101048
12101049
12101050
12101060
12101061
12101062
12101063
121020
12103009
12103016
12103018
12103020
12103021
12103022
12103023
12103024
12103027
12103029
121040
121050
121060
121070
121080
