12028017,137
12028017,136
12028018,105
12028018,109
12028020,733
12028020,741
12028021,1558
12028021,1554
12028024,53
12028024,57
12028025,59
12028025,56
12028027,226
12028027,230
12028075,149
12028075,144
12028075,154
12028075,142
12028075,146
12029039,51
12029039,65
12029039,57
12029039,63
12029041,56
12029041,60
12029041,53
12029041,52
12029041,64
12029046,148
12029046,138
12029046,141
12029046,131
12029046,154
12030038,117
12030038,119
12030038,104
12030038,91
12030038,105
12031011,90
12031011,116
12031011,91
12031011,82
12031011,84
12031018,216
12031018,198
12031018,192
12031018,205
12031018,196
12031019,379
12031019,383
12031019,394
12031019,413
12031020,79
12031020,70
12031020,78
12031020,85
12031020,77
12032002,201
12032002,205
12032002,211
12032002,191
12032003,90
12032003,87
12032003,62
12032003,88
12032004,201
12032004,198
12032004,190
12032004,176
12032004,181
12032006,138
12032006,150
12032006,151
12032006,149
12032006,140
12033061,61
12033061,71
12033061,69
12033061,58
12033062,54
12033062,58
12033062,61
12033062,56
12033087,120
12033087,116
12033087,119
12034026,197
12034026,177
12034026,174
12034026,276
12034026,59
12034026,60
12034026,58
12034026,228
12034026,199
12034026,221
12034026,195
12034026,477
12034027,71
12034027,72
12034027,73
12034091,2269
12034091,2259
12034091,2230
12034091,2251
12034091,2276
12035013,60
12035013,63
12035013,61
12035013,79
12035013,62
12036060,323
12036060,356
12036060,353
12036060,340
12036060,337
12036071,239
12036071,245
12036071,261
12036071,247
12036071,249
12036074,455
12036074,419
12036074,447
12036074,440
12036075,433
12036075,437
12036075,457
12036075,459
12036075,446
12036080,198
12036080,173
12036080,181
12036080,195
12036080,200
12036081,432
12036081,475
12036081,440
12036081,459
12036081,454
12036084,118
12036084,162
12036084,119
12036084,145
12036084,139
12036085,82
12036085,84
12036085,91
12036085,89
12036085,75
12037040,480
12037040,481
12037040,490
12037041,481
12037041,479
12037041,467
12037041,484
12037041,530
12037063,402
12037063,417
12037063,416
12037063,467
12037092,120
12037092,123
12037092,118
12037092,114
12038079,53
12038079,65
12038079,52
12038079,54
12038080,122
12038080,119
12038080,124
12038080,111
12038081,104
12038081,113
12038081,110
12038081,94
12038082,143
12038082,167
12038082,137
12038082,163
12038082,148
12038086,51
12038087,52
12038087,57
12038092,122
12038092,116
12038092,140
12038092,113
12038092,121
12038106,96
12038106,93
12038106,83
12038106,88
12038106,109
12038108,245
12038108,275
12038108,238
12038108,251
12038108,242
12038115,97
12038115,108
12038115,107
12038115,110
12038115,112
12042028,859
12042028,889
12042028,971
12042028,927
12042028,902
12042029,279
12042029,248
12042029,291
12042029,286
12042029,280
12042030,306
12042030,309
12042030,314
12042030,303
12042030,282
12042033,535
12042033,534
12042033,579
12042033,554
12042033,536
12042034,673
12042034,667
12042034,652
12042034,636
12042035,84
12042035,91
12042035,92
12042035,79
12042036,77
12042036,88
12042036,70
12042036,59
12043018,144
12043018,120
12043018,118
12043018,150
12043018,137
12043022,148
12043022,177
12043022,167
12043022,179
12043022,154
12043024,464
12043024,434
12043024,488
12043024,458
12043024,498
12043045,437
12043045,454
12043045,404
12043045,449
12043045,425
12043046,186
12043046,199
12043046,197
12043046,200
12043046,209
12043047,487
12043047,492
12043047,448
12043048,245
12043048,269
12043048,271
12043048,218
12043048,204
12043049,797
12043049,882
12043049,862
12043049,832
12043049,880
12043050,506
12043050,524
12043050,503
12043050,533
12043050,522
12043051,59
12043051,57
12043051,51
12043051,56
12043052,888
12043052,909
12043052,912
12043052,938
12043053,344
12043053,367
12043053,346
12043053,377
12043053,358
12043055,692
12043055,710
12043055,729
12043055,678
12043055,681
12043059,62
12043059,66
12043059,70
12043059,65
12043059,76
12043060,148
12043060,176
12043060,146
12043060,140
12043060,136
12043064,94
12043064,80
12043064,90
12043064,72
12043064,95
12043065,484
12043065,463
12043065,483
12043065,434
12043066,203
12043066,208
12043066,215
12043066,184
12043066,211
12043067,512
12043067,545
12043067,546
12043067,530
12043067,539
12043068,567
12043068,544
12043068,571
12043068,591
12043068,553
12043069,433
12043069,436
12043069,434
12043069,419
12043069,397
12043076,518
12043076,560
12043076,521
12043076,489
12043076,555
12043077,708
12043077,663
12043077,717
12043077,682
12043077,636
12043078,734
12043078,710
12043078,701
12043078,733
12043078,678
12043079,697
12043079,736
12043079,684
12043079,741
12043079,743
12043081,110
12043081,84
12043081,100
12044023,70
12044023,80
12044023,66
12044023,86
12044023,81
12044024,254
12044024,255
12044024,263
12044024,273
12044024,257
12044025,434
12044025,457
12044025,473
12044025,456
12044025,453
12044026,411
12044026,419
12044026,426
12044026,425
12044029,531
12044029,511
12044029,496
12044029,526
12044029,471
12044030,538
12044030,505
12044030,541
12044030,544
12044030,516
12044031,505
12044031,508
12044031,498
12044031,537
12044031,488
12044038,54
12044039,447
12044039,421
12044039,422
12044039,450
12044039,434
12044040,427
12044040,441
12044040,458
12044040,450
12044040,459
12044041,261
12044041,226
12044041,245
12044041,235
12044041,257
12044042,222
12044042,234
12044042,229
12044042,226
12044042,237
12044043,461
12044043,446
12044043,469
12044043,500
12044043,437
12044050,293
12044050,331
12044050,307
12044050,329
12044050,301
12044051,356
12044051,354
12044051,77
12044051,256
12044051,331
12044051,313
12044052,196
12044052,217
12044052,228
12044052,198
12044052,216
12044053,384
12044053,421
12044053,389
12044053,399
12044053,407
12044054,185
12044054,192
12044054,183
12044054,154
12044054,203
12044055,349
12044055,346
12044055,282
12044055,341
12044055,383
12044080,82
12044080,92
12044080,91
12044080,93
12044082,70
12044082,85
12044082,79
12044082,98
12044082,92
12044088,52
12044088,56
12044088,63
12044088,62
12044088,71
12044092,95
12044092,90
12044092,76
12044092,81
12044093,116
12044093,118
12044093,124
12044093,137
12044093,121
12044094,129
12044094,139
12044094,144
12044094,133
12044094,122
12044096,101
12044096,119
12044096,118
12044096,121
12044096,133
12044097,145
12044097,126
12044097,122
12044097,112
12044097,115
12044098,147
12044098,102
12044098,143
12044098,98
12044098,137
12044099,130
12044099,133
12044099,129
12044099,128
12044100,142
12044100,133
12044100,138
12044100,123
12044100,145
12044101,135
12044101,110
12044101,138
12044101,132
12044102,254
12044102,223
12044102,275
12044102,285
12044102,274
12044103,148
12044103,124
12044103,159
12044103,141
12045001,122
12045001,142
12045001,127
12045001,149
12045001,129
12045002,273
12045002,255
12045002,288
12045002,261
12045002,272
12045004,256
12045004,274
12045004,279
12045004,292
12045004,278
12045005,260
12045005,261
12045005,286
12045005,290
12045005,305
12045006,289
12045006,271
12045006,256
12045006,330
12045006,284
12045011,251
12045011,275
12045011,278
12045011,265
12045012,114
12045012,117
12045012,110
12045012,98
12045012,119
12045013,227
12045013,232
12045013,230
12045013,222
12045013,217
12045016,349
12045016,363
12045016,370
12045016,356
12045016,386
12046018,168
12046018,183
12046018,179
12046018,134
12046018,153
12046021,57
12046025,124
12046025,126
12046025,113
12046025,90
12046025,104
12046026,160
12046026,157
12046026,165
12046026,163
12046026,147
12046027,169
12046027,178
12046027,194
12046027,193
12046027,172
12046028,56
12046028,75
12046028,70
12046028,71
12046028,62
12046029,175
12046029,170
12046029,178
12046029,192
12046029,176
12046030,56
12046031,184
12046031,187
12046031,189
12046031,175
12046031,216
12046032,122
12046032,121
12046032,116
12046033,204
12046033,206
12046033,196
12046033,238
12046033,193
12046034,106
12046034,111
12046034,102
12046034,121
12046034,93
12046035,367
12046035,369
12046035,398
12046035,425
12046035,354
12046036,256
12046036,247
12046036,251
12046036,253
12046036,245
12046037,436
12046037,435
12046037,390
12046037,422
12046037,434
12046038,52
12046038,63
12046039,434
12046039,459
12046039,474
12046039,428
12046040,72
12046040,73
12046040,74
12046040,82
12046040,93
12046041,473
12046041,431
12046041,482
12046041,432
12046041,427
12046042,420
12046042,387
12046042,432
12046042,429
12046042,408
12046043,162
12046043,209
12046043,180
12046043,214
12046043,189
12046046,83
12046046,55
12046046,66
12046046,86
12046046,60
12046068,57
12046068,66
12046068,69
12046068,62
12046068,61
12046069,68
12046069,67
12046069,62
12046069,65
12046069,52
12046070,79
12046070,58
12046070,64
12046070,75
12046070,56
12046075,107
12046075,102
12046075,98
12046075,85
12046075,111
12046095,84
12046095,88
12046095,95
12046095,92
12046097,645
12046097,709
12046097,666
12046097,695
12046097,714
12046098,55
12046098,65
12046098,51
12046099,124
12046099,128
12046099,119
12046099,129
12046099,142
12046101,277
12046101,285
12046101,271
12046101,255
12046101,319
12046102,749
12046102,630
12046102,733
12046102,657
12046102,732
12046103,464
12046103,510
12046103,453
12046103,518
12046103,496
12046105,571
12046105,550
12046105,512
12046105,562
12046105,529
12046106,289
12046106,272
12046106,283
12046106,287
12046106,293
12046107,220
12046107,237
12046107,230
12046107,231
12046107,223
12047009,67
12047009,64
12047009,95
12047009,77
12047011,138
12047011,102
12047011,133
12047011,107
12047011,135
12047016,471
12047016,488
12047016,460
12047016,505
12047017,493
12047017,457
12047017,444
12047017,487
12047017,500
12047018,500
12047018,485
12047018,519
12047018,505
12047018,528
12047019,542
12047019,527
12047019,549
12047019,528
12047019,523
12047020,296
12047020,278
12047020,255
12047020,289
12047020,307
12047021,411
12047021,409
12047021,426
12047021,429
12049037,175
12049037,184
12049037,191
12049037,173
12049038,126
12049038,113
12049038,131
12049038,134
12049038,110
12049042,75
12049042,77
12049042,81
12049042,80
12049042,105
12049043,141
12049043,126
12049043,139
12049043,128
12049043,140
12049044,198
12049044,174
12049044,181
12049044,166
12049044,190
12049067,639
12049067,642
12049067,595
12049067,645
12049067,618
12049068,66
12049068,90
12049068,68
12049068,88
12049068,80
12049069,165
12049069,210
12049069,194
12049069,206
12049069,203
12049070,533
12049070,543
12049070,558
12049070,553
12049070,521
12049071,108
12049071,102
12049071,92
12049071,123
12049071,121
12049096,164
12049096,144
12049096,160
12049096,154
12050022,168
12050022,201
12050022,192
12050022,172
12050022,196
12050024,51
12050024,55
12050025,71
12050025,59
12050025,54
12050025,66
12050034,283
12050034,291
12050034,315
12050034,292
12050034,316
12050035,274
12050035,291
12050035,284
12050035,270
12050035,265
12050037,318
12050037,373
12050037,361
12050037,372
12050037,340
12050038,333
12050038,371
12050038,377
12050038,384
12050038,349
12050039,354
12050039,360
12050039,379
12050039,395
12050040,364
12050040,375
12050040,370
12050040,373
12050040,354
12050041,345
12050041,363
12050041,382
12050041,405
12050041,416
12050042,151
12050042,154
12050042,159
12050042,166
12050042,174
12050043,399
12050043,374
12050043,406
12050043,359
12050043,387
12050044,438
12050044,412
12050044,475
12050044,431
12050044,406
12050045,211
12050045,206
12050045,197
12050045,164
12050045,187
12050046,382
12050046,347
12050046,397
12050046,395
12050046,380
12050047,402
12050047,355
12050047,372
12050047,416
12050047,348
12051006,263
12051006,244
12051006,265
12051006,245
12051006,296
12051007,287
12051007,249
12051007,275
12051007,281
12051007,266
12051008,274
12051008,293
12051008,269
12051008,266
12051008,277
12051009,81
12051009,53
12051009,82
12051009,57
12051009,65
12051010,299
12051010,295
12051010,305
12051010,259
12051010,285
12051011,298
12051011,295
12051011,278
12051011,301
12051012,292
12051012,310
12051012,307
12051012,315
12051012,296
12051013,313
12051013,325
12051013,311
12051013,303
12051013,299
12051014,139
12051014,135
12051014,149
12051014,132
12051020,298
12051020,294
12051020,304
12051020,302
12051020,278
12051021,610
12051021,651
12051021,655
12051021,618
12051021,625
12051023,698
12051023,752
12051023,750
12051023,702
12051023,718
12051024,172
12051024,203
12051024,171
12051024,178
12051024,212
12051025,279
12051025,325
12051025,271
12051025,295
12051025,297
12051026,282
12051026,272
12051026,303
12051026,323
12051026,315
12051027,244
12051027,268
12051027,269
12051027,282
12051027,240
12051029,538
12051029,486
12051029,513
12051029,485
12051029,502
12051030,923
12051030,890
12051030,938
12051030,867
12051030,835
12051031,939
12051031,885
12051031,900
12051031,896
12051031,934
12051032,196
12051032,181
12051032,184
12051032,191
12051033,706
12051033,739
12051033,712
12051033,729
12051033,713
12051034,109
12051034,100
12051034,93
12051035,106
12051035,109
12051035,123
12051035,115
12051035,148
12051036,752
12051036,713
12051036,740
12051036,725
12051036,757
12051037,489
12051037,537
12051037,472
12051037,500
12051037,493
12051038,512
12051038,500
12051038,525
12051038,498
12051038,497
12051052,193
12051052,208
12051052,184
12051052,179
12051052,213
12051053,211
12051053,198
12051053,197
12051053,202
12051054,188
12051054,165
12051054,173
12051054,155
12051054,171
12051055,216
12051055,215
12051055,228
12051055,213
12051055,201
12051056,353
12051056,315
12051056,322
12051056,325
12051056,330
12051057,80
12051057,87
12051057,96
12051057,91
12051057,69
12051060,85
12051060,68
12051060,83
12051060,64
12051060,73
12051061,118
12051061,130
12051061,125
12051061,133
12051061,104
12051062,245
12051062,287
12051062,276
12051062,275
12051062,264
12051063,287
12051063,248
12051063,254
12051063,262
12051064,236
12051064,242
12051064,246
12051064,272
12051064,253
12051065,78
12051065,80
12051065,67
12051065,73
12051065,90
12052006,58
12052006,60
12052006,62
12052011,252
12052011,257
12052011,255
12052011,237
12052012,532
12052012,527
12052012,499
12052012,546
12052012,493
12052013,251
12052013,286
12052013,248
12052013,279
12052013,253
12052014,357
12052014,383
12052014,337
12052014,363
12052014,356
12052018,574
12052018,610
12052018,629
12052018,616
12052019,165
12052019,141
12052019,149
12052019,135
12052019,154
12052020,78
12052020,73
12052020,75
12052020,64
12052020,77
12052021,60
12052021,72
12052021,56
12052021,67
12052022,505
12052022,474
12052022,473
12052022,499
12052022,502
12052023,651
12052023,676
12052023,640
12052023,616
12052023,613
12052024,499
12052024,554
12052024,463
12052024,527
12052024,501
12052026,98
12052026,91
12052026,96
12052026,117
12052027,624
12052027,679
12052027,643
12052027,657
12052027,677
12052028,235
12052028,280
12052028,256
12052028,281
12052030,635
12052030,693
12052030,620
12052030,673
12052030,670
12052031,53
12052031,54
12052032,529
12052032,598
12052032,562
12052032,570
12052032,548
12052033,244
12052033,207
12052033,210
12052033,203
12052033,242
12052034,176
12052034,187
12052034,209
12052034,212
12052034,185
12052047,67
12052047,57
12052047,70
12052047,65
12052048,74
12052048,70
12052048,83
12052048,82
12052050,92
12052050,93
12052050,101
12052050,108
12052050,96
12052054,58
12052054,55
12053005,126
12053005,165
12053005,147
12053005,155
12053005,171
12053006,240
12053006,216
12053006,211
12053006,235
12053006,203
12053007,224
12053007,196
12053007,244
12053007,193
12053007,232
12053008,427
12053008,487
12053008,481
12053008,437
12053008,469
12053009,468
12053009,491
12053009,489
12053009,501
12053009,434
12053010,98
12053010,84
12053010,90
12053010,83
12053010,111
12053011,530
12053011,579
12053011,565
12053011,520
12053011,546
12053013,136
12053013,170
12053013,137
12053013,151
12053031,397
12053031,413
12053031,372
12053031,370
12053036,181
12053036,155
12053036,170
12053036,160
12053036,152
12053039,320
12053039,368
12053039,357
12053039,406
12053039,384
12053040,51
12053040,52
12053041,438
12053041,428
12053041,443
12053041,404
12053041,362
12053042,421
12053042,454
12053042,420
12053042,482
12053042,439
12053043,283
12053043,377
12053043,361
12053043,412
12053043,381
12053043,84
12053044,491
12053044,484
12053044,453
12053044,481
12053044,465
12053045,54
12053045,58
12053046,179
12053046,216
12053046,205
12053046,192
12053046,214
12053047,85
12053047,72
12053047,73
12053047,76
12053048,187
12053048,165
12053048,171
12053048,188
12053048,174
12053049,132
12053049,165
12053049,163
12053049,149
12053049,167
12053050,529
12053050,525
12053050,460
12053050,497
12053050,516
12053051,223
12053051,222
12053051,239
12053051,198
12053051,259
12053054,192
12053054,191
12053054,187
12053054,198
12053054,201
12053055,588
12053055,572
12053055,552
12053055,577
12053055,558
12053056,517
12053056,573
12053056,552
12053056,558
12053056,540
12053057,537
12053057,556
12053057,547
12053057,581
12053057,605
12053058,235
12053058,261
12053058,299
12053058,240
12053058,268
12053059,170
12053059,187
12053059,215
12053059,184
12053059,202
12053070,263
12053070,346
12053070,325
12053070,254
12053070,307
12054010,188
12054010,170
12054010,169
12054010,165
12054010,156
12054012,174
12054012,157
12054012,173
12054012,175
12054012,162
12054013,264
12054013,290
12054013,312
12054013,335
12054013,285
12054014,310
12054014,326
12054014,334
12054014,302
12054014,312
12054015,150
12054015,152
12054015,137
12054015,148
12054016,167
12054016,178
12054016,156
12054016,199
12054016,184
12054017,209
12054017,223
12054017,238
12054017,222
12054017,197
12054019,337
12054019,352
12054019,350
12054019,321
12054019,367
12054020,257
12054020,259
12054020,250
12054020,276
12054020,252
12054021,410
12054021,394
12054021,334
12054021,335
12054021,364
12054022,369
12054022,388
12054022,352
12054022,398
12054022,325
12054024,397
12054024,391
12054024,385
12054024,401
12054024,388
12054025,130
12054025,118
12054025,134
12054025,126
12054025,165
12054026,408
12054026,371
12054026,401
12054026,442
12054026,379
12054027,445
12054027,406
12054027,389
12054027,347
12054027,447
12054028,425
12054028,431
12054028,416
12054028,399
12054028,397
12054029,410
12054029,427
12054029,423
12054029,418
12054029,396
12054030,105
12054030,114
12054030,128
12054030,127
12054030,146
12055027,82
12055027,88
12055027,101
12055027,99
12055029,57
12055029,69
12055029,75
12055029,87
12055029,84
12055030,124
12055030,107
12055030,110
12055030,130
12055030,123
12055031,328
12055031,313
12055031,346
12055031,323
12055031,305
12055034,317
12055034,333
12055034,356
12055034,374
12055034,369
12055035,360
12055035,342
12055035,374
12055035,369
12056007,140
12056007,148
12056007,146
12056007,149
12056008,251
12056008,281
12056008,275
12056008,259
12056009,89
12056009,85
12056009,69
12056009,80
12056010,233
12056010,245
12056010,228
12056010,219
12056012,220
12056012,206
12056012,224
12056012,222
12056013,351
12056013,324
12056013,391
12056013,321
12056014,408
12056014,361
12056014,368
12056014,356
12056015,403
12056015,372
12056015,401
12056015,377
12056016,410
12056016,389
12056016,422
12056016,371
12056017,357
12056017,356
12056017,337
12056017,346
12056018,140
12056018,128
12056018,126
12056018,129
12056019,432
12056019,461
12056019,405
12056019,429
12056020,283
12056020,253
12056020,273
12056020,298
12057007,102
12057007,142
12057007,129
12057007,135
12057007,117
12057008,122
12057008,137
12057008,129
12057008,127
12057008,119
12057009,124
12057009,112
12057009,136
12057009,165
12057009,131
12057010,116
12057010,158
12057010,133
12057010,134
12057010,139
12057011,134
12057011,147
12057011,149
12057011,127
12057012,147
12057012,137
12057012,138
12057012,166
12057012,156
12057013,333
12057013,291
12057013,302
12057013,281
12057013,289
12057014,325
12057014,289
12057014,311
12057014,320
12057014,288
12057016,341
12057016,314
12057016,305
12057016,301
12057016,313
12057017,181
12057017,150
12057017,164
12057017,171
12057019,310
12057019,358
12057019,337
12057019,343
12057019,334
12057020,369
12057020,341
12057020,371
12057020,328
12057020,327
12057022,305
12057022,286
12057022,333
12057022,285
12057022,283
12057050,101
12057050,108
12057050,99
12057050,104
12057050,90
12057051,100
12057051,106
12057051,114
12057051,117
12057051,115
12057052,209
12057052,213
12057052,232
12057052,216
12057052,249
12057053,187
12057053,212
12057053,204
12057053,194
12057053,198
12057054,213
12057054,206
12057054,200
12057054,205
12057054,219
12057055,238
12057055,227
12057055,230
12057055,256
12057055,239
12057057,264
12057057,259
12057057,256
12057057,242
12057057,234
12057058,172
12057058,139
12057058,134
12057058,137
12057058,171
12057059,120
12057059,115
12057059,128
12057059,150
12057059,144
12057060,310
12057060,285
12057060,294
12057060,262
12057060,232
12058001,56
12058001,60
12058001,79
12058001,57
12058001,63
12058002,284
12058002,280
12058002,313
12058002,267
12058002,286
12058003,101
12058003,116
12058003,108
12058003,117
12058003,106
12058005,234
12058005,257
12058005,62
12058005,171
12058005,243
12058005,236
12058011,325
12058011,347
12058011,328
12058011,326
12058011,313
12058012,147
12058012,166
12058012,146
12058012,149
12058012,155
12058013,115
12058013,101
12058013,131
12058013,102
12058013,111
12058014,343
12058014,321
12058014,338
12058014,347
12058014,345
12058015,322
12058015,316
12058015,352
12058015,359
12058015,381
12058016,327
12058016,339
12058016,387
12058016,361
12058016,350
12058017,91
12058017,102
12058017,103
12058017,96
12058017,92
12058018,260
12058018,262
12058018,244
12058018,241
12058018,240
12058019,391
12058019,398
12058019,324
12058019,358
12058019,364
12058021,385
12058021,371
12058021,376
12058021,348
12058021,408
12058024,137
12058024,164
12058024,161
12058024,157
12058024,171
12058040,179
12058040,202
12058040,207
12058040,169
12058040,213
12058041,119
12058041,109
12058041,124
12058048,192
12058048,223
12058048,209
12058048,221
12058048,211
12058049,202
12058049,216
12058049,220
12058049,197
12058049,206
12058050,312
12058050,352
12058050,325
12058050,336
12058050,329
12058052,469
12058052,473
12058052,443
12058052,422
12058052,468
12058054,149
12058054,160
12058054,161
12058054,154
12058054,147
12058055,471
12058055,470
12058055,488
12058055,490
12058055,477
12058057,496
12058057,474
12058057,507
12058057,489
12058057,476
12058058,291
12058058,292
12058058,262
12058058,288
12059009,266
12059009,284
12059009,290
12059009,259
12059009,285
12059011,170
12059011,190
12059011,182
12059011,176
12059011,183
12059017,365
12059017,346
12059017,317
12059017,260
12059017,345
12059018,153
12059018,163
12059018,175
12059018,150
12059018,173
12059019,90
12059019,86
12059019,83
12059019,82
12059019,84
12059020,336
12059020,342
12059020,339
12059020,355
12059021,179
12059021,152
12059021,171
12059021,190
12059021,181
12059027,189
12059027,190
12059027,198
12059027,174
12059028,135
12059028,122
12059028,139
12059028,123
12059028,147
12059029,78
12059029,82
12059029,89
12059029,83
12059029,72
12059030,363
12059030,367
12059030,347
12059030,398
12059030,384
12059031,76
12059031,61
12059031,64
12059031,62
12059036,399
12059036,352
12059036,374
12059036,353
12059037,397
12059037,415
12059037,403
12059037,386
12059037,446
12059038,433
12059038,408
12059038,424
12059038,411
12059039,373
12059039,369
12059039,365
12059039,398
12059039,370
12059068,70
12059068,62
12059068,86
12059068,64
12059068,75
12059070,73
12059070,51
12059070,59
12059070,54
12059070,67
12059071,183
12059071,171
12059071,180
12059071,216
12059071,206
12059077,308
12059077,294
12059077,348
12059077,280
12059078,80
12059078,67
12059078,88
12059078,72
12059078,83
12059079,441
12059079,503
12059079,480
12059079,455
12059082,335
12059082,298
12059082,353
12059082,359
12059082,316
12059083,320
12059083,336
12059083,361
12059083,313
12059083,347
12059084,345
12059084,350
12059084,320
12059084,343
12059084,375
12060001,237
12060001,270
12060001,259
12060001,252
12060001,240
12060004,321
12060004,379
12060004,344
12060004,385
12060004,362
12060005,351
12060005,384
12060005,349
12060005,335
12060006,368
12060006,373
12060006,353
12060006,361
12060007,334
12060007,331
12060007,318
12060007,302
12060007,370
12060009,371
12060009,350
12060009,391
12060009,366
12060009,367
12060010,424
12060010,357
12060010,354
12060010,370
12060010,364
12060011,312
12060011,277
12060011,268
12060011,272
12060011,292
12060030,200
12060030,219
12060030,231
12060030,218
12060030,244
12060033,211
12060033,241
12060033,252
12060033,225
12060033,222
12060034,244
12060034,226
12060034,268
12060034,216
12060035,230
12060035,251
12060035,252
12060035,270
12060035,257
12060036,292
12060036,275
12060036,245
12060036,233
12060036,261
12060037,279
12060037,253
12060037,303
12060037,246
12060038,271
12060038,283
12060038,284
12060038,279
12060038,282
12060039,67
12060039,86
12060039,73
12060039,64
12060039,80
12060040,270
12060040,284
12060040,303
12060040,309
12060040,295
12060041,315
12060041,312
12060041,271
12060041,286
12060041,299
12060042,314
12060042,298
12060042,305
12060042,326
12060042,321
12060043,335
12060043,309
12060043,318
12060043,278
12060043,298
12060044,320
12060044,303
12060044,324
12060044,314
12060045,416
12060045,405
12060045,404
12060045,378
12060046,341
12060046,366
12060046,334
12060046,298
12060046,357
12060047,353
12060047,376
12060047,328
12060047,356
12060047,347
12060048,374
12060048,343
12060048,368
12060048,370
12060048,358
12060049,374
12060049,383
12060049,394
12060049,349
12060049,359
12060051,133
12060051,117
12060051,121
12060051,120
12060051,115
12060055,80
12060055,71
12060055,58
12060055,68
12060055,74
12060056,227
12060056,199
12060056,193
12060056,211
12060056,184
12060058,75
12060058,81
12060058,105
12060058,87
12060138,339
12060138,323
12060138,312
12060138,347
12060138,345
12060143,279
12060143,273
12060143,274
12060143,303
12060143,296
12060146,133
12060146,122
12060146,128
12060146,142
12060145,336
12060145,360
12060145,367
12060145,334
12060145,326
12060144,334
12060144,303
12060144,302
12060144,304
12060144,282
12061006,293
12061006,268
12061006,287
12061006,275
12061008,564
12061008,615
12061008,610
12061008,611
12061009,70
12061009,76
12061009,77
12061009,74
12061010,609
12061010,583
12061010,602
12061010,691
12061011,665
12061011,635
12061011,627
12061011,166
12061011,499
12061013,318
12061013,332
12061013,296
12061013,101
12061013,232
12061014,716
12061014,710
12061014,658
12061014,695
12061015,716
12061015,706
12061015,692
12061015,739
12061016,728
12061016,708
12061016,706
12061016,744
12061018,153
12061018,147
12061018,157
12061018,162
12062011,220
12062011,295
12062011,289
12062011,272
12062011,276
12062011,74
12062012,322
12062012,312
12062012,276
12062012,317
12062013,372
12062013,388
12062013,394
12062013,401
12062013,390
12062014,337
12062014,380
12062014,314
12062014,348
12062014,309
12062015,332
12062015,377
12062015,336
12062015,347
12062015,316
12062016,313
12062016,292
12062016,303
12062016,299
12062018,411
12062018,408
12062018,369
12062018,409
12062018,392
12062019,293
12062019,283
12062019,250
12062019,273
12062019,265
12062021,464
12062021,448
12062021,465
12062021,449
12062021,423
12062022,166
12062022,187
12062022,194
12062022,188
12062022,170
12064005,133
12064005,150
12064005,107
12064005,132
12064007,118
12064007,114
12064007,101
12064007,104
12064008,150
12064008,135
12064008,141
12064010,277
12064010,307
12064010,290
12064010,309
12064011,603
12064011,563
12064011,630
12064011,639
12064012,300
12064012,265
12064012,333
12064012,310
12064013,314
12064013,317
12064013,329
12064014,314
12064014,337
12064014,325
12064014,355
12064015,321
12064015,344
12064015,335
12064015,355
12064016,240
12064016,226
12064016,222
12064016,223
12064026,409
12064026,394
12064026,403
12064026,375
12064027,474
12064027,457
12064027,454
12064027,511
12064028,492
12064028,508
12064028,483
12064028,510
12064029,452
12064029,484
12064029,151
12064029,387
12064029,462
12064033,54
12064033,51
12064033,60
12064034,262
12064034,246
12064034,244
12064034,251
12064035,526
12064035,518
12064035,556
12064036,518
12064036,520
12064036,536
12064036,571
12064040,490
12064040,475
12064040,423
12064040,443
12064042,606
12064042,625
12064042,639
12064043,279
12064043,296
12064043,276
12064043,282
12064044,662
12064044,628
12064044,616
12064044,618
12064045,261
12064045,259
12064045,273
12064045,229
12064058,364
12064058,419
12064058,367
12064058,342
12064059,419
12064059,421
12064059,352
12064059,370
12064060,386
12064060,383
12064060,422
12064060,344
12064061,438
12064061,428
12064061,403
12064061,445
12064062,468
12064062,438
12064062,478
12064062,470
12064063,510
12064063,489
12064063,511
12064063,490
12064064,537
12064064,500
12064064,511
12064064,496
12064065,538
12064065,533
12064065,534
12064066,482
12064066,487
12064066,486
12064066,465
12064067,575
12064067,570
12064067,573
12064067,602
12064068,109
12064068,115
12064068,129
12064068,132
12064069,592
12064069,584
12064069,588
12064069,585
12064070,618
12064070,639
12064070,574
12064070,640
12064071,655
12064071,663
12064071,643
12064071,618
12064084,391
12064084,389
12064084,372
12064084,398
12064085,265
12064085,281
12064085,262
12064085,255
12064086,436
12064086,420
12064086,442
12064086,417
12064087,468
12064087,434
12064087,464
12064088,62
12064088,70
12064088,55
12064090,480
12064090,457
12064090,513
12064090,545
12065002,517
12065002,545
12065002,511
12065002,493
12065004,252
12065004,247
12065004,260
12065006,540
12065006,567
12065006,525
12065006,495
12065007,553
12065007,565
12065007,544
12065007,559
12065009,570
12065009,611
12065009,596
12065011,242
12065011,262
12065011,263
12065011,272
12065016,151
12065016,199
12065016,189
12065016,193
12065018,324
12065018,276
12065018,298
12065018,284
12075019,342
12075019,345
12075019,318
12075019,312
12075021,320
12075021,333
12075021,318
12075021,291
12075022,371
12075022,351
12075022,339
12075024,578
12075024,612
12075024,577
12075024,576
12075029,265
12075029,270
12075029,229
12075029,239
12075030,413
12075030,379
12075030,412
12075030,397
12075031,421
12075031,452
12075031,424
12075031,462
12075032,605
12075032,574
12075032,615
12075032,583
12075033,625
12075033,574
12075033,647
12075033,585
12075034,200
12075034,195
12075034,229
12075039,232
12075039,274
12075039,255
12075039,224
12075040,678
12075040,626
12075040,628
12075040,659
12075041,627
12075041,632
12075041,665
12075041,705
12075042,663
12075042,686
12075042,673
12075042,682
12075043,683
12075043,709
12075043,652
12075043,650
12076002,248
12076002,253
12076002,252
12076002,255
12076007,287
12076007,313
12076007,309
12076008,306
12076008,287
12076008,340
12076008,283
12076009,300
12076009,268
12076009,281
12076009,313
12076028,411
12076028,398
12076028,401
12076028,413
12076029,403
12076029,384
12076029,416
12076029,388
12076031,143
12076031,165
12076031,138
12076031,202
12076034,169
12076034,157
12076034,159
12076034,155
12079005,545
12079005,561
12079005,578
12079005,528
12079026,376
12079026,375
12079026,341
12079026,348
12079027,593
12079027,516
12079027,564
12079027,586
12079028,382
12079028,413
12079028,391
12079028,372
12079030,626
12079030,648
12079030,651
12079030,616
12095061,88
12095061,80
12095061,74
12095061,77
12095061,64
12079033,70
12079033,61
12079033,69
12079033,78
12079038,724
12079038,696
12079038,688
12079038,629
12079039,472
12079039,453
12079039,491
12079039,452
12079040,549
12079040,496
12079040,528
12079040,536
12095059,608
12095059,598
12095059,562
12095059,623
12095059,584
12080058,387
12080058,366
12080058,361
12080058,354
12080059,558
12080059,498
12080059,572
12080059,551
12080062,428
12080062,419
12080062,413
12080062,393
12080064,58
12080065,136
12080065,148
12080065,149
12080065,140
12080066,1190
12080066,1072
12080066,1156
12080066,1103
12080067,718
12080067,709
12080067,727
12080067,743
12080068,585
12080068,594
12080068,575
12080068,607
12080069,607
12080069,581
12080069,618
12080069,627
12080070,496
12080070,502
12080070,509
12080070,492
12081009,104
12081009,119
12081009,96
12081009,84
12081010,263
12081010,272
12081010,240
12081010,266
12081011,703
12081011,707
12081011,705
12081011,708
12081011,117
12081011,80
12081011,139
12081011,130
12081012,641
12081012,611
12081012,578
12081012,624
12081013,803
12081013,802
12081013,797
12081013,800
12081013,70
12081013,100
12081013,66
12081014,856
12081014,866
12081014,860
12081014,241
12081014,238
12081014,232
12081014,219
12081015,91
12081015,92
12081015,70
12081016,246
12081016,207
12081016,205
12081016,195
12081020,965
12081020,1009
12081020,999
12081020,1004
12081020,55
12081021,1094
12081021,1128
12081021,1142
12081021,1070
12081022,1174
12081022,1184
12081022,1148
12081022,1144
12081023,335
12081023,363
12081023,338
12081023,314
12081024,1251
12081024,1291
12081024,1229
12081025,546
12081025,523
12081025,540
12081025,550
12081027,114
12081027,124
12081027,113
12081027,118
12081050,687
12081050,692
12081050,684
12081050,694
12081050,152
12081050,76
12081050,111
12081050,99
12081052,463
12081052,497
12081052,458
12081052,460
12081053,135
12081053,120
12081053,147
12081053,100
12081055,890
12081055,895
12081055,896
12081055,897
12081055,93
12081056,955
12081056,965
12081056,968
12081056,972
12081056,63
12081057,310
12081057,328
12081057,352
12081057,329
12081069,864
12081069,858
12081069,865
12081069,902
12081070,1227
12081070,1203
12081070,1187
12081070,1150
12082001,1326
12082001,1278
12082001,1306
12082002,327
12082002,283
12082002,310
12082002,325
12082003,1342
12082003,1380
12082003,1440
12082003,1406
12082004,189
12082004,188
12082004,192
12082004,199
12082005,107
12082005,96
12082005,81
12082005,108
12082007,210
12082007,211
12082007,205
12082007,209
12082022,673
12082022,670
12082022,671
12082022,668
12082022,71
12082022,91
12082022,100
12082023,750
12082023,745
12082023,746
12082023,87
12082023,109
12082023,111
12082024,290
12082024,339
12082024,306
12082024,272
12083011,685
12083011,739
12083011,662
12083011,729
12083012,320
12083012,324
12083012,316
12083012,319
12083013,698
12083013,651
12083013,663
12083013,691
12083014,820
12083014,726
12083014,798
12083014,749
12083016,737
12083016,822
12083016,778
12083016,802
12083017,849
12083017,786
12083017,811
12083017,789
12083018,819
12083018,813
12083018,849
12083018,805
12083019,483
12083019,462
12083019,485
12083019,454
12083020,770
12083020,817
12083020,707
12083020,764
12083021,882
12083021,860
12083021,887
12083021,892
12083022,894
12083022,916
12083022,925
12083022,944
12083023,88
12083023,81
12083023,79
12083023,77
12083024,252
12083024,263
12083024,240
12083024,284
12083045,239
12083045,211
12083045,248
12083045,254
12083046,52
12083046,56
12083047,531
12083047,515
12083047,495
12083047,527
12083051,96
12083051,77
12083051,88
12083051,100
12083054,554
12083054,562
12083054,585
12083054,595
12083055,871
12083055,796
12083055,851
12083055,876
12083056,829
12083056,849
12083056,772
12083056,831
12083057,881
12083057,818
12083057,894
12083057,841
12083058,343
12083058,320
12083058,348
12083058,328
12083059,922
12083059,890
12083059,920
12083059,927
12083060,992
12083060,1025
12083060,986
12083060,998
12083061,503
12083061,468
12083061,484
12083061,458
12084002,354
12084002,381
12084002,372
12084002,401
12084004,81
12084004,70
12084004,68
12084004,72
12084009,551
12084009,580
12084009,577
12084009,571
12084010,632
12084010,663
12084010,659
12084011,708
12084011,711
12084011,707
12084012,97
12084012,95
12084012,107
12084013,757
12084013,766
12084013,760
12084013,739
12084014,203
12084014,198
12084014,210
12084014,200
12084015,86
12084015,79
12084015,80
12084015,88
12084016,818
12084016,801
12084016,820
12084016,836
12084016,69
12084017,856
12084017,860
12084017,879
12084017,889
12084018,891
12084018,901
12084018,899
12084018,904
12084019,967
12084019,973
12084019,988
12084019,937
12084020,952
12084020,934
12084020,951
12084020,943
12084021,409
12084021,370
12084021,407
12084021,379
12085023,701
12085023,705
12085023,702
12085023,213
12085023,196
12085023,188
12085023,226
12085024,57
12085024,67
12085024,61
12085025,564
12085025,535
12085025,552
12085025,510
12085026,380
12085026,390
12085026,394
12085026,383
12085027,848
12085027,882
12085027,902
12085027,901
12085028,907
12085028,939
12085028,865
12085028,955
12085029,170
12085029,192
12085029,163
12085030,960
12085030,935
12085030,920
12085030,1009
12085031,733
12085031,802
12085031,775
12085031,792
12086001,1013
12086001,1023
12086001,992
12086001,986
12086002,901
12086002,895
12086002,914
12086002,897
12086003,975
12086003,958
12086003,901
12086003,913
12086004,1047
12086004,1031
12086004,1009
12086004,1034
12086005,231
12086005,199
12086005,213
12086005,234
12086006,127
12086006,139
12086006,130
12086006,136
12086007,935
12086007,882
12086007,923
12086007,981
12086019,60
12086019,53
12086020,58
12086033,178
12086033,135
12086033,133
12086033,151
12086034,110
12086034,108
12086034,94
12086034,132
12086035,120
12086035,139
12086035,137
12086035,145
12086037,535
12086037,581
12086037,530
12086037,543
12086038,873
12086038,879
12086038,883
12086038,875
12086038,193
12086038,100
12086038,80
12086038,110
12086039,920
12086039,903
12086039,869
12086039,881
12086040,1018
12086040,1005
12086040,1000
12086040,984
12086041,885
12086041,874
12086041,803
12086041,929
12086042,776
12086042,743
12086042,725
12086042,794
12086046,349
12086046,297
12086046,316
12086046,300
12086047,591
12086047,552
12086047,581
12086047,609
12087002,1035
12087002,1053
12087002,1047
12087002,1060
12087003,376
12087003,428
12087003,423
12087003,439
12087004,115
12087004,128
12087004,109
12087004,98
12087005,369
12087005,366
12087005,357
12087005,340
12087012,610
12087012,609
12087012,606
12087012,210
12087012,219
12087012,200
12087012,260
12087023,617
12087023,588
12087023,633
12087023,620
12087025,870
12087025,875
12087025,878
12087025,114
12087025,106
12087025,77
12087025,82
12087026,265
12087026,255
12087026,253
12087026,249
12087027,284
12087027,248
12087027,289
12087027,259
12087032,975
12087032,991
12087032,968
12087032,960
12087033,66
12087033,60
12087033,65
12087033,73
12087045,144
12087045,142
12087045,128
12087045,156
12087053,179
12087053,182
12087054,1122
12087054,1105
12087080,665
12087080,679
12087080,673
12087080,675
12087080,85
12087084,180
12087084,173
12087084,163
12087085,117
12087085,115
12087085,109
12087085,110
12087095,520
12087095,517
12087095,479
12087095,501
12087096,826
12087096,766
12087096,775
12087096,807
12087097,912
12087097,798
12087097,793
12087097,828
12087098,745
12087098,753
12087098,749
12087098,732
12087099,826
12087099,649
12087099,178
12087099,750
12087099,814
12087100,271
12087100,272
12087100,259
12087100,248
12087101,649
12087101,742
12087101,683
12087101,648
12087102,64
12087102,71
12087102,72
12087102,65
12088044,113
12088044,107
12088044,115
12088044,123
12088050,745
12088050,808
12088050,790
12088050,728
12088051,268
12088051,237
12088051,259
12088051,239
12088075,335
12088075,332
12088075,327
12088075,328
12088076,674
12088076,666
12088076,699
12088076,680
12095057,607
12095057,593
12095057,596
12095057,564
12088078,701
12088078,705
12088078,714
12088078,696
12088079,756
12088079,755
12088079,740
12088079,739
12088080,733
12088080,758
12088080,757
12088080,790
12088081,191
12088081,190
12088081,203
12088081,196
12088086,818
12088086,804
12088086,774
12088086,778
12088087,297
12088087,305
12088087,268
12088087,311
12095056,594
12095056,592
12095056,658
12095056,626
12095056,628
12089006,109
12089006,116
12089006,103
12089006,112
12089006,117
12089008,473
12089008,464
12089008,469
12089008,494
12089008,452
12089009,481
12089009,456
12089009,483
12089009,472
12089009,523
12089010,56
12089085,664
12089085,673
12089085,668
12089085,667
12089085,627
12089086,80
12089087,724
12089087,756
12089087,765
12089087,736
12089087,723
12089088,81
12089088,79
12089088,75
12089088,93
12089088,78
12090002,570
12090002,546
12090002,534
12090002,521
12090002,512
12090003,85
12090003,73
12090003,105
12090003,92
12090003,98
12090008,130
12090009,494
12090009,536
12090009,543
12090009,548
12090009,546
12090010,609
12090010,620
12090010,569
12090010,554
12090010,566
12090011,667
12090011,679
12090011,726
12090011,694
12090011,691
12090017,287
12090017,256
12090017,288
12090017,269
12090017,245
12090018,124
12090018,136
12090018,118
12090018,109
12090018,128
12090019,355
12090019,399
12090019,323
12090019,342
12090019,353
12090020,75
12090020,74
12090020,101
12090020,94
12090020,98
12090021,375
12090021,402
12090021,390
12090021,371
12090021,387
12090041,581
12090041,606
12090041,597
12090041,613
12090041,592
12090042,508
12090042,526
12090042,528
12090042,535
12090042,513
12090043,100
12090043,96
12090043,107
12090043,98
12090043,99
12090044,70
12090045,276
12090045,247
12090045,231
12090045,260
12090046,588
12090046,574
12090046,604
12090046,595
12090046,623
12090047,516
12090047,533
12090047,541
12090047,575
12090047,523
12090048,555
12090048,585
12090048,520
12090048,595
12090048,530
12090049,509
12090049,597
12090049,575
12090049,564
12090049,571
12090050,577
12090050,588
12090050,548
12090050,586
12090050,560
12090051,563
12090051,579
12090051,573
12090051,590
12090051,572
12090052,617
12090052,549
12090052,547
12090052,557
12090052,593
12090053,604
12090053,622
12090053,593
12090053,557
12090053,629
12090054,436
12090054,472
12090054,414
12090054,439
12090055,301
12090055,277
12090055,281
12090060,336
12090060,330
12090060,388
12091004,52
12091004,58
12091004,53
12091005,372
12091005,370
12091005,399
12091005,361
12091005,362
12091006,381
12091006,418
12091006,399
12091006,368
12091006,391
12091007,553
12091007,492
12091007,568
12091007,530
12091007,529
12091009,648
12091009,597
12091009,655
12091009,650
12091009,618
12091010,86
12091010,89
12091010,81
12091010,78
12091011,602
12091011,563
12091011,610
12091011,622
12091011,580
12091012,657
12091012,720
12091012,703
12091012,685
12091012,808
12091013,114
12091013,115
12091013,112
12091013,111
12091013,109
12091014,428
12091014,454
12091014,430
12091014,459
12091015,54
12091015,57
12091015,64
12091015,70
12091016,571
12091016,447
12091016,140
12091016,580
12091016,575
12091016,540
12091017,535
12091017,600
12091017,590
12091017,519
12091017,580
12091018,104
12091018,92
12091018,88
12091018,95
12091018,83
12091019,550
12091019,544
12091019,548
12091019,612
12091019,582
12091021,642
12091021,653
12091021,721
12091021,651
12091021,650
12091022,292
12091022,289
12091022,311
12091022,274
12091022,300
12091023,305
12091023,325
12091023,291
12091023,313
12091023,297
12091041,54
12091042,303
12091042,320
12091042,293
12091042,302
12091042,329
12091043,519
12091043,588
12091043,565
12091043,535
12091044,597
12091044,580
12091044,617
12091044,644
12091044,604
12091045,611
12091045,608
12091045,585
12091045,605
12091045,616
12091046,684
12091046,747
12091046,735
12091046,704
12091046,717
12091047,678
12091047,673
12091047,714
12091047,732
12091047,724
12091048,78
12091048,99
12091048,88
12091048,80
12091048,91
12091049,627
12091049,618
12091049,622
12091049,625
12091049,615
12091051,611
12091051,637
12091051,663
12091051,635
12091051,676
12091052,652
12091052,680
12091052,641
12091052,673
12091053,291
12091053,304
12091053,327
12091053,279
12091053,285
12091054,164
12091054,146
12091054,145
12091054,140
12091054,126
12092001,239
12092001,236
12092001,219
12092001,241
12092002,147
12092002,420
12092002,540
12092002,604
12092002,543
12092002,545
12092003,361
12092003,370
12092003,384
12092003,381
12092003,377
12092004,83
12092004,91
12092004,95
12092004,70
12092004,78
12092005,427
12092005,438
12092005,419
12092005,439
12092012,260
12092013,54
12092014,88
12092020,148
12092020,140
12092020,129
12092020,146
12092020,130
12092021,66
12092021,72
12092021,88
12092021,76
12092021,78
12092039,101
12092039,126
12092039,115
12092039,96
12092041,65
12092041,87
12092041,68
12092041,64
12092041,72
12092043,455
12092043,442
12092043,483
12092043,504
12092043,474
12092044,545
12092044,540
12092044,542
12092044,547
12092044,543
12092044,55
12092044,60
12092044,61
12092044,79
12092044,52
12092045,557
12092045,562
12092045,561
12092045,87
12092045,67
12092045,89
12092046,422
12092046,432
12092046,480
12092046,458
12092046,379
12092047,237
12092047,259
12092047,285
12092047,256
12092047,276
12093001,303
12093001,288
12093001,299
12093001,313
12093001,314
12093002,579
12093002,587
12093002,603
12093002,574
12093002,588
12093003,613
12093003,612
12093003,573
12093003,615
12093003,618
12093004,633
12093004,620
12093004,631
12093004,630
12093004,603
12093004,68
12093004,52
12093006,294
12093006,331
12093006,332
12093006,295
12093007,662
12093007,664
12093007,661
12093007,640
12093008,362
12093008,369
12093008,350
12093008,324
12093009,52
12093010,142
12093010,156
12093010,144
12093010,159
12093010,162
12093014,62
12093014,78
12093014,57
12093014,52
12093014,63
12093023,501
12093023,499
12093023,503
12093023,500
12093023,497
12093023,98
12093023,64
12093023,136
12093023,89
12093024,536
12093024,539
12093024,534
12093024,533
12093024,537
12093024,111
12093024,183
12093024,160
12093024,135
12093024,145
12093025,129
12093025,103
12093025,108
12093025,128
12093025,121
12093030,67
12093030,69
12093030,65
12093030,71
12093031,544
12093031,549
12093031,542
12093031,547
12093031,109
12093031,197
12093031,140
12093031,167
12093032,610
12093032,607
12093032,611
12093032,609
12093032,128
12093032,105
12093032,178
12093032,151
12093032,173
12093033,675
12093033,674
12093033,672
12093033,677
12093033,123
12093033,186
12093033,179
12093033,187
12093033,173
12093034,369
12093034,428
12093034,397
12093034,381
12093034,377
12093036,438
12093036,444
12093036,433
12093036,428
12093037,57
12093039,833
12093039,796
12093039,840
12093039,834
12093039,826
12093041,128
12093042,675
12093042,636
12093042,642
12093042,661
12093042,658
12093044,129
12093044,130
12093044,144
12093044,146
12093049,623
12093049,687
12093049,741
12093049,688
12093049,699
12093050,332
12093050,367
12093050,339
12093050,344
12093050,347
12093051,298
12093051,266
12093051,276
12093051,246
12093051,257
12094009,481
12094009,402
12094009,508
12094009,440
12094009,433
12094010,565
12094010,491
12094010,546
12094010,557
12094010,539
12094011,541
12094011,569
12094011,536
12094011,538
12094011,572
12094012,82
12094012,93
12094012,111
12094012,86
12094012,91
12094013,582
12094013,613
12094013,593
12094013,590
12094013,604
12094014,591
12094014,623
12094014,621
12094014,642
12094014,649
12094015,227
12094015,238
12094015,156
12094015,221
12094015,216
12094016,693
12094016,687
12094016,654
12094016,661
12094016,652
12094017,445
12094017,435
12094017,447
12094017,487
12094017,457
12094018,442
12094018,474
12094018,475
12094018,417
12094018,416
12094019,95
12094019,79
12094019,71
12094019,72
12094019,84
12094020,679
12094020,635
12094020,662
12094020,677
12094020,676
12094021,291
12094021,263
12094021,267
12094021,287
12094021,299
12094022,425
12094022,427
12094022,484
12094022,431
12094022,446
12094024,643
12094024,579
12094024,590
12094024,650
12094025,133
12094025,141
12094025,100
12094025,166
12094025,121
12094026,295
12094026,349
12094026,304
12094026,306
12094060,423
12094060,417
12094060,415
12094060,410
12094060,425
12094061,491
12094061,511
12094061,449
12094061,463
12094061,495
12094062,488
12094062,511
12094062,523
12094062,528
12095046,274
12095046,278
12095046,268
12095046,303
12095046,285
12095044,209
12095044,182
12095044,206
12095044,178
12095044,176
12094065,529
12094065,548
12094065,602
12094065,534
12094065,570
12095043,569
12095043,554
12095043,516
12095043,524
12095043,510
12095007,53
12095009,64
12095009,52
12095009,56
12095011,117
12095011,100
12095011,104
12095011,119
12095011,105
12095012,70
12095012,67
12095012,80
12095012,57
12095013,93
12095013,83
12095013,82
12095013,97
12095013,112
12095015,95
12095017,69
12095017,70
12095017,68
12095017,66
12095021,534
12095021,572
12095021,605
12095021,563
12095021,570
12095022,87
12095022,86
12095022,75
12095022,78
12095023,713
12095023,645
12095023,641
12095023,665
12095023,710
12095024,143
12095024,156
12095024,157
12095024,158
12095024,174
12095038,482
12095038,479
12095038,483
12095038,112
12095038,153
12095038,160
12095038,113
12095038,143
12095039,456
12095039,447
12095039,474
12095039,471
12095039,468
12095041,76
12095042,91
12095042,98
12095042,85
12095042,96
12095005,614
12095005,568
12095005,626
12095005,570
12095005,624
12094064,527
12094064,557
12094064,536
12094064,529
12094064,539
12095045,346
12095045,326
12095045,356
12095045,349
12094063,495
12094063,545
12094063,567
12094063,556
12094063,527
12093040,464
12093040,498
12093040,481
12093040,522
12093040,517
12095053,244
12095053,241
12095053,226
12095053,222
12095053,230
12093005,88
12093005,82
12093005,85
12093005,74
12088088,343
12088088,334
12088088,404
12088088,347
12088077,376
12088077,338
12088077,323
12088077,361
12095058,235
12095058,237
12095058,257
12095058,230
12095058,217
12095060,629
12095060,614
12095060,601
12095060,568
12095060,606
12079031,233
12079031,205
12079031,224
12079031,219
12095063,63
12095063,90
12095063,78
12095063,72
12095063,85
12096005,476
12096005,484
12096005,452
12096005,459
12096005,457
12096006,505
12096006,490
12096006,470
12096006,508
12096006,478
12096007,244
12096012,85
12096012,84
12096012,79
12096012,94
12096012,54
12096014,456
12096014,447
12096014,476
12096014,440
12096014,442
12096015,474
12096015,464
12096015,490
12096015,463
12096015,468
12096016,391
12096016,405
12096016,436
12096016,406
12096020,65
12096021,104
12096021,88
12096021,115
12096021,133
12096021,111
12096023,109
12096023,88
12096023,106
12096023,133
12096023,117
12096025,154
12096025,147
12096025,155
12096025,156
12096025,159
12096026,618
12096026,619
12096026,632
12096026,630
12096026,594
12096026,63
12096027,637
12096027,655
12096027,597
12096027,657
12096027,648
12096029,684
12096029,656
12096029,683
12096029,673
12096029,711
12096030,315
12096030,287
12096030,268
12096030,358
12096030,295
12096033,313
12096033,260
12096033,276
12096033,286
12096033,250
12096047,92
12096047,66
12096047,88
12096047,100
12096047,86
12096048,53
12096049,61
12096057,141
12096057,135
12096057,139
12096057,133
12096057,128
12096058,102
12096058,107
12096058,101
12096058,104
12096059,211
12096059,199
12096059,243
12096059,235
12096059,194
12096060,435
12096060,436
12096060,437
12096060,58
12096060,84
12096061,449
12096061,450
12096061,452
12096061,453
12096061,78
12096061,80
12096061,85
12096061,54
12096062,127
12096062,132
12096062,121
12096062,130
12096062,129
12097001,462
12097001,469
12097001,468
12097003,483
12097003,472
12097003,485
12097003,482
12097003,481
12097003,55
12097004,244
12097004,239
12097004,256
12097004,243
12097004,224
12097007,416
12097007,440
12097007,406
12097007,398
12097007,433
12097008,521
12097008,518
12097008,472
12097008,519
12097009,57
12097009,55
12097009,59
12097009,71
12097009,64
12097010,517
12097010,537
12097010,538
12097010,514
12097010,52
12097011,550
12097011,548
12097011,549
12097011,552
12097011,533
12097012,412
12097012,398
12097012,410
12097012,437
12097012,423
12097013,576
12097013,574
12097013,578
12097013,571
12097013,78
12097016,572
12097016,585
12097016,573
12097016,592
12097016,582
12097017,586
12097017,607
12097017,609
12097017,606
12097017,58
12097018,576
12097018,628
12097018,621
12097018,622
12097018,623
12097019,633
12097019,635
12097019,631
12097019,560
12097019,619
12097020,366
12097020,375
12097020,388
12097020,385
12097021,297
12097021,270
12097021,264
12097021,248
12097021,261
12097022,76
12097022,99
12097022,70
12097022,81
12097022,87
12098009,69
12098009,94
12098009,53
12098009,79
12098009,68
12098010,486
12098010,500
12098010,502
12098010,482
12098010,504
12098010,51
12098012,503
12098012,521
12098012,519
12098012,512
12098012,517
12098012,55
12098013,391
12098013,394
12098013,417
12098013,334
12098013,376
12098014,229
12098014,254
12098014,258
12098014,253
12098017,570
12098017,572
12098017,571
12098017,157
12098017,405
12098018,560
12098018,588
12098018,587
12098018,590
12098019,587
12098019,603
12098019,590
12098019,605
12098019,604
12098019,51
12098020,618
12098020,624
12098020,615
12098020,616
12098021,623
12098021,640
12098021,635
12098021,633
12098021,634
12098022,455
12098022,408
12098022,419
12098022,411
12098022,402
12098024,142
12098024,151
12098024,150
12098024,153
12098024,140
12098031,342
12098031,332
12098031,335
12098031,352
12098031,307
12055039,58
12055039,53
12056086,517
12056086,479
12056086,514
12056086,535
12057024,361
12057024,401
12057024,349
12057024,390
12057024,359
12057032,69
12057032,72
12057032,82
12057032,78
12058006,242
12058006,233
12058006,232
12058006,245
12058006,266
12058010,199
12058010,196
12058010,203
12058010,209
12058010,212
12058020,104
12058020,95
12058020,101
12058020,100
12058020,75
12058023,84
12058023,81
12058023,88
12058023,85
12058023,78
12058025,171
12058025,151
12058025,146
12058025,153
12058038,366
12058038,370
12058038,376
12058038,400
12058038,372
12058060,221
12058060,222
12058060,234
12058060,210
12058060,219
12058062,216
12058062,227
12058062,205
12058062,238
12058062,219
12059004,229
12059004,239
12059004,228
12059004,244
12059004,248
12059005,231
12059005,252
12059005,244
12059005,253
12059005,256
12059023,362
12059023,360
12059023,356
12059023,346
12059023,352
12059032,156
12059032,150
12059032,155
12059032,139
12059032,163
12059033,105
12059033,103
12059033,85
12059033,117
12059033,123
12059034,151
12059034,159
12059034,176
12059034,162
12059034,133
12059063,93
12059063,90
12059063,94
12059063,99
12059063,92
12059065,253
12059065,269
12059065,241
12059065,243
12059065,226
12059066,90
12059066,104
12059066,93
12059066,102
12059066,110
12059067,482
12059067,475
12059067,510
12059067,477
12059067,484
12059069,287
12059069,263
12059069,283
12059069,286
12059069,292
12060003,246
12060003,258
12060003,254
12060003,239
12060003,251
12060015,271
12060015,265
12060015,285
12060015,259
12060016,232
12060016,234
12060016,240
12060016,257
12060016,238
12060021,185
12060021,191
12060021,181
12060021,221
12060021,202
12060026,177
12060026,175
12060026,193
12060026,203
12060026,184
12060062,239
12060062,238
12060062,259
12060062,237
12060062,250
12062023,133
12062023,159
12062023,130
12062023,126
12062023,141
12064020,195
12064020,207
12064020,204
12064020,181
12064021,60
12064021,52
12064021,61
12064022,226
12064022,223
12064022,238
12064022,229
12064032,197
12064032,176
12064032,188
12064041,260
12064041,267
12064041,300
12064041,307
12064048,158
12064048,190
12064048,187
12064048,164
12064072,58
12064072,56
12064072,51
12064072,53
12064074,61
12064074,65
12064074,73
12064074,81
12064078,466
12064078,468
12064078,473
12064078,460
12064080,53
12064081,494
12064081,490
12064081,478
12064081,513
12064083,97
12064083,93
12064083,89
12064083,96
12064089,267
12064089,269
12064089,248
12064089,271
12076003,719
12076003,693
12076003,708
12076003,705
12076057,129
12076057,154
12076057,125
12076057,164
12079004,245
12079004,238
12079004,260
12079004,225
12079025,132
12079025,129
12079025,139
12079034,136
12079034,123
12079034,129
12079034,120
12079037,185
12079037,204
12079037,187
12079037,190
12080005,720
12080005,758
12080005,791
12080005,775
12081029,604
12081029,589
12081029,594
12081029,593
12081054,808
12081054,799
12081054,824
12081054,810
12082012,446
12082012,469
12082012,461
12082012,477
12082014,371
12082014,373
12082014,364
12082014,349
12083009,1428
12083009,1395
12083009,1491
12083009,1483
12083010,1477
12083010,1618
12083010,1517
12083010,1519
12083025,1007
12083025,923
12083025,961
12083025,979
12083044,117
12083044,105
12083044,139
12083044,131
12084005,728
12084005,734
12084005,730
12084005,751
12084008,255
12084008,270
12084008,260
12084008,252
12084023,751
12084023,767
12084023,800
12084023,753
12085022,133
12085022,137
12085022,140
12085022,134
12086008,511
12086008,515
12086008,501
12086008,459
12086010,89
12086010,79
12086010,91
12086010,73
12086018,58
12086018,53
12086028,152
12086028,107
12086028,116
12086028,114
12086032,387
12086032,410
12086032,428
12086032,423
12086036,511
12086036,515
12086036,519
12086036,528
12087007,923
12087007,956
12087007,950
12087007,910
12087010,242
12087010,227
12087010,223
12087024,77
12087024,96
12087024,98
12087024,82
12087057,966
12087057,1032
12087057,1028
12087057,1045
12087076,446
12087076,406
12087076,497
12087076,458
12087077,74
12087077,68
12087077,80
12087077,90
12087079,141
12087079,145
12087079,134
12087079,157
12087081,220
12087081,263
12087081,289
12087081,253
12088090,871
12088090,922
12088090,913
12088090,920
12089005,92
12089005,101
12089005,90
12089005,106
12089005,84
12089013,152
12089013,162
12089013,141
12089013,156
12089013,146
12089014,186
12089014,211
12089014,208
12089014,205
12089084,1314
12089089,1442
12089093,1717
12090024,1358
12090038,225
12090061,3291
12091003,1144
12091024,6052
12091025,4320
12091039,310
12091040,999
12092007,58
12092010,309
12092011,994
12092019,1120
12092035,221
12092036,1911
12092042,2364
12093021,2097
12093022,1337
12093029,4837
12093046,559
12093048,755
12094002,456
12094008,2768
12094059,1631
12095014,319
12095016,858
12095018,1305
12095020,1807
12095037,2067
12095048,67
12095064,2360
12095067,434
12095068,277
12096004,1797
12096011,861
12096036,5675
12096046,1456
12096054,463
12097005,578
12097015,493
12097024,2146
12098007,1873
12098016,1154
12098027,203
12098036,1181
12057006,55
12057006,56
12057006,57
12057006,59
12057006,66
12059006,123
12059006,147
12059006,149
12059006,130
12059006,134
12059007,150
12059007,121
12059007,125
12059007,168
12059007,145
12059010,91
12059010,84
12059010,108
12059010,127
12059010,95
12059012,160
12059012,151
12059012,152
12059012,145
12059012,140
12059013,160
12059013,163
12059013,158
12059016,198
12059016,220
12059016,196
12059016,226
12060031,63
12060031,60
12060031,52
12060031,51
12062017,346
12062017,332
12062017,330
12062017,326
12064003,182
12064003,201
12064003,193
12064003,203
12075025,208
12075025,199
12075025,186
12075025,198
12075027,248
12075027,232
12075027,236
12075027,265
12075028,538
12075028,541
12075028,509
12075028,535
12079041,552
12079041,498
12079041,483
12079041,510
12079042,469
12079042,552
12079042,478
12079042,529
12079043,536
12079043,528
12079043,489
12079043,495
12079045,529
12079045,521
12079045,524
12079045,542
12079046,515
12079046,526
12079046,549
12079046,553
12079047,529
12079047,568
12079047,559
12079047,548
12079049,332
12079049,348
12079049,310
12079049,333
12079050,586
12079050,524
12079050,515
12079050,589
12080001,576
12080001,564
12080001,590
12080001,581
12080004,598
12080004,579
12080004,600
12080004,578
12080010,137
12080010,160
12080010,128
12080010,163
12080011,557
12080011,549
12080011,583
12080012,544
12080012,526
12080012,516
12080012,525
12080017,679
12080017,677
12080017,687
12080018,712
12080018,711
12080018,709
12080018,717
12080020,509
12080020,429
12080020,420
12080020,432
12080052,435
12080052,469
12080052,459
12080052,455
12080053,107
12080053,120
12080053,126
12080053,109
12080054,485
12080054,456
12080054,445
12080054,462
12080055,873
12080055,834
12080055,860
12080055,825
12083050,125
12083050,130
12083050,116
12083050,118
12083052,353
12083052,350
12083052,387
12083052,357
12083053,747
12083053,752
12083053,751
12083053,755
12083053,79
12083053,61
12087034,97
12087034,89
12087034,80
12087034,86
12087036,106
12087036,94
12087036,107
12087036,132
12087038,53
12087038,68
12087038,65
12087038,52
12088008,80
12088008,67
12088008,71
12088008,74
12088022,486
12088022,466
12088022,456
12088022,469
12088026,113
12088026,107
12088026,121
12088028,669
12088028,635
12088028,610
12088028,620
12088030,208
12088030,204
12088030,225
12088030,241
12088031,464
12088031,432
12088031,448
12088031,452
12088032,446
12088032,449
12088032,445
12088032,441
12088033,476
12088033,464
12088033,446
12088033,450
12088034,499
12088034,440
12088034,475
12088034,446
12088035,265
12088035,204
12088035,218
12088035,220
12088049,106
12088049,101
12088049,95
12088049,118
12090006,551
12090006,525
12090006,535
12090006,581
12090006,501
12090007,189
12090007,223
12090007,230
12090007,229
12090022,302
12090022,284
12090022,305
12090022,303
12090022,297
12092038,119
12092038,135
12092038,130
12092038,134
12092038,123
12093011,235
12093011,232
12093011,243
12093011,240
12093011,237
12093012,66
12093012,102
12093012,69
12093012,83
12093012,64
12095006,456
12095006,424
12095006,394
12095006,430
12095006,428
12095008,452
12095008,447
12095008,476
12095008,494
12095008,477
12095010,235
12095010,238
12095010,275
12095010,261
12095010,232
12095050,141
12095050,134
12095050,168
12095050,145
12095050,143
12095051,60
12095052,715
12095052,711
12095052,717
12095052,709
12095052,51
12095052,80
12095054,750
12095054,710
12095054,780
12095054,781
12098008,472
12098008,476
12098008,446
12098008,463
12098008,464
12098030,487
12098030,490
12098030,453
12098030,502
12098030,498
