12038078
12038079
12038080
12038081
12038082
12038086
12038087
12038088
12038089
12038092
12038106
12038108
12038115
12042026
12042027
12042028
12042029
12042030
12042033
12042034
12042035
12042036
12043044
12043045
12043046
12043047
12043048
12043049
12043051
12043052
12043053
12043055
12043060
12043065
12043066
12043067
12043068
12043069
12043077
12043078
12043079
12043081
12044023
12044024
12044025
12044026
12044029
12044030
12044031
12044038
12044039
12044040
12044041
12044042
12044043
12044050
12044051
12044052
12044053
12044054
12044055
12044079
12044080
12044088
12044091
12044092
12044093
12044094
12044096
12044097
12044098
12044099
12044100
12044101
12044102
12044103
12045001
12045002
12045004
12045005
12045006
12045011
12045013
12045016
12046035
12046036
12046037
12046038
12046039
12046040
12046041
12046042
12046043
12046046
12046068
12046069
12046070
12046075
12046095
12046097
12046098
12046099
12046100
12046101
12046102
12046103
12046104
12046105
12046106
12046107
12047009
12047011
12047016
12047017
12047018
12047019
12047020
12047021
12049037
12049038
12049042
12049043
12049044
12049067
12049069
12049070
12049071
12050022
12050023
12050024
12050034
12050035
12050037
12050038
12050039
12050040
12050041
12050042
12050044
12050045
12050046
12050047
12050048
12051006
12051007
12051008
12051009
12051010
12051011
12051012
12051013
12051014
12051020
12051021
12051022
12051023
12051024
12051025
12051026
12051027
12051028
12051029
12051030
12051031
12051032
12051033
12051034
12051035
12051036
12051037
12051038
12051052
12051053
12051054
12051055
12051056
12051057
12051059
12051062
12051063
12051064
12051065
12052011
12052012
12052013
12052014
12052018
12052019
12052020
12052021
12052022
12052023
12052024
12052026
12052027
12052028
12052029
12052031
12052032
12052033
12052034
12052047
12052048
12052049
12052050
12052051
12052054
12053005
12053006
12053007
12053008
12053009
12053010
12053011
12053013
12053031
12053036
12053039
12053040
12053041
12053042
12053043
12053044
12053048
12053049
12053050
12053051
12053052
12053054
12053056
12053057
12053058
12053070
12054013
12054014
12054015
12054016
12054017
12054018
12054019
12054020
12054021
12054022
12054024
12054025
12054026
12054027
12054028
12054029
12054030
12055031
12055034
12055035
12056007
12056008
12056009
12056010
12056011
12056012
12056013
12056014
12056015
12056016
12056017
12056018
12056019
12056020
12057008
12057009
12057010
12057011
12057012
12057013
12057014
12057016
12057017
12057018
12057019
12057020
12057022
12057050
12057051
12057052
12057053
12057054
12057055
12057057
12057058
12057059
12057060
12058001
12058003
12058004
12058005
12058011
12058012
12058013
12058014
12058015
12058016
12058017
12058018
12058019
12058021
12058022
12058024
12058040
12058048
12058049
12058050
12058052
12058054
12058055
12058057
12058058
12059006
12059007
12059008
12059009
12059010
12059011
12059012
12059013
12059016
12059017
12059018
12059019
12059020
12059021
12059024
12059027
12059028
12059029
12059030
12059031
12059035
12059036
12059037
12059038
12059039
12059070
12059071
12059077
12059078
12059079
12059080
12059082
12059083
12059084
12060001
12060004
12060005
12060006
12060007
12060009
12060010
12060011
12060030
12060033
12060034
12060035
12060036
12060037
12060038
12060039
12060040
12060041
12060042
12060043
12060044
12060045
12060046
12060047
12060048
12060049
12060051
12060056
12060058
12060138
12060143
12060144
12060145
12060146
12061006
12061008
12061010
12061011
12061013
12061014
12061015
12061016
12061018
12062011
12062012
12062013
12062014
12062015
12062016
12062017
12062018
12062019
12062021
12062022
12064003
12064005
12064007
12064008
12064010
12064011
12064012
12064013
12064014
12064015
12064016
12064026
12064027
12064028
12064029
12064033
12064034
12064035
12064036
12064040
12064042
12064043
12064044
12064045
12064058
12064059
12064060
12064061
12064062
12064063
12064064
12064065
12064066
12064067
12064068
12064069
12064070
12064071
12064084
12064085
12064086
12064087
12064088
12064090
12065001
12065004
12065006
12065007
12065009
12065011
12065016
12065018
12075019
12075021
12075022
12075024
12075025
12075027
12075028
12075029
12075030
12075031
12075032
12075033
12075034
12075039
12075040
12075041
12075042
12075043
12076002
12076007
12076008
12076009
12076028
12076029
12076031
12076034
12079005
12079026
12079027
12079028
12079030
12079031
12079038
12079039
12079040
12079041
12079042
12079043
12079045
12079046
12079047
12079049
12079050
12080001
12080004
12080010
12080011
12080012
12080017
12080018
12080020
12080052
12080053
12080054
12080055
12080058
12080059
12080062
12080064
12080066
12080067
12080068
12080069
12080070
12081009
12081011
12081012
12081013
12081014
12081015
12081016
12081020
12081021
12081022
12081023
12081024
12081025
12081027
12081050
12081052
12081053
12081055
12081056
12081057
12081069
12081070
12082001
12082002
12082003
12082004
12082005
12082007
12082022
12082023
12082024
12083011
12083012
12083013
12083014
12083016
12083017
12083018
12083019
12083020
12083021
12083022
12083023
12083024
12083045
12083046
12083047
12083050
12083051
12083052
12083053
12083054
12083055
12083056
12083057
12083058
12083059
12083060
12083061
12084004
12084009
12084010
12084011
12084012
12084013
12084014
12084015
12084016
12084017
12084018
12084019
12084020
12084021
12085023
12085024
12085025
12085026
12085027
12085028
12085029
12085030
12085031
12086001
12086002
12086004
12086005
12086006
12086007
12086017
12086019
12086020
12086033
12086034
12086035
12086037
12086038
12086039
12086040
12086041
12086042
12086046
12086047
12087002
12087003
12087004
12087005
12087023
12087025
12087026
12087027
12087032
12087033
12087034
12087036
12087038
12087045
12087053
12087054
12087080
12087084
12087085
12087095
12087096
12087097
12087098
12087099
12087100
12087101
12087102
12088022
12088026
12088028
12088030
12088031
12088032
12088033
12088034
12088035
12088049
12088050
12088075
12088076
12088077
12088078
12088079
12088080
12088081
12088086
12088087
12088088
12089006
12089008
12089009
12089010
12089011
12089085
12089086
12089087
12089088
12090002
12090003
12090006
12090007
12090009
12090010
12090011
12090017
12090019
12090020
12090021
12090022
12090042
12090043
12090045
12090046
12090047
12090048
12090049
12090050
12090051
12090052
12090053
12090054
12090055
12090060
12091004
12091005
12091006
12091007
12091009
12091010
12091011
12091012
12091013
12091014
12091016
12091017
12091018
12091019
12091021
12091022
12091023
12091041
12091042
12091043
12091044
12091045
12091046
12091047
12091048
12091049
12091051
12091052
12091053
12091054
12092001
12092002
12092003
12092004
12092005
12092020
12092021
12092037
12092038
12092047
12093001
12093002
12093003
12093004
12093005
12093006
12093007
12093008
12093009
12093010
12093011
12093012
12093014
12093023
12093024
12093025
12093030
12093031
12093033
12093034
12093036
12093037
12093039
12093040
12093041
12093042
12093044
12093049
12093050
12093051
12094009
12094010
12094011
12094012
12094013
12094014
12094015
12094016
12094017
12094018
12094019
12094020
12094021
12094022
12094024
12094025
12094026
12094060
12094061
12094062
12094063
12094064
12094065
12095005
12095006
12095008
12095010
12095011
12095012
12095013
12095021
12095022
12095023
12095038
12095039
12095041
12095042
12095043
12095044
12095045
12095046
12095050
12095052
12095054
12095055
12095056
12095057
12095058
12095059
12095060
12095061
12095063
12096005
12096006
12096014
12096015
12096016
12096017
12096018
12096019
12096020
12096021
12096023
12096024
12096025
12096026
12096027
12096028
12096029
12096030
12096031
12096032
12096033
12096034
12096047
12096048
12096049
12096056
12096057
12096058
12096059
12096060
12096061
12096062
12097002
12097003
12097004
12097007
12097008
12097009
12097010
12097011
12097012
12097013
12097016
12097017
12097018
12097019
12097020
12097021
12097022
12098008
12098009
12098010
12098012
12098013
12098014
12098017
12098018
12098019
12098020
12098021
12098022
12098030
12098031
12099029
12099030
12099031
12099032
12099033
12099034
12099035
12099037
12099040
12099041
12099042
12099044
12099045
12099059
12099060
12099061
12099062
12099063
12100002
12100003
12100004
12100005
12100006
12100008
12100009
12100010
12100026
12100027
12101007
12101008
12101009
12101042
12101043
12101044
12101045
12101048
12101049
12101050
12101060
12101061
12101062
12101063
12102030
12102031
12102033
12102035
12102037
12102039
12102041
12102042
12102043
12102046
12102047
12102048
12102049
12102050
12102051
12102052
12102053
12102054
12103009
12103016
12103018
12103020
12103021
12103022
12103023
12103024
12103027
12103029
12104013
12104014
12104015
12104017
12104018
12104019
12104085
12105004
12105005
12105009
12105010
12105016
12105017
12106017
12106018
12106019
12106020
12106022
12106023
12106024
12106025
12106026
12106027
12106032
12106033
12106034
12106035
12106036
12106037
12106038
12106039
12106040
12106041
12106048
12106049
12106050
12106053
12106054
12106055
12106067
12106068
12106069
12106071
12106073
12106074
12107002
12107008
12107009
12107010
12107011
12107012
12107014
12107026
12107027
12107030
12107031
12107033
12107034
12107035
12107037
12107038
12107039
12107040
12107041
12107042
12107043
12107044
12107045
12107046
12107047
12107048
12108004
12108005
12108006
12108007
12108008
12108009
12108010
12108011
12108013
12108015
12108016
12108017
12108018
12108019
12108020
