12099027,702
12099047,13
12099049,4976
12100007,170
12100011,1918
12100024,3244
12101004,496
12101010,1493
12101015,198
12101028,545
12101047,663
12101052,2634
12101053,1185
12101055,292
12101059,1030
12102004,1747
12102008,645
12102028,171
12103006,1853
12103007,147
12103008,2900
12103030,2438
12104002,1236
12104075,319
12104079,1569
12104083,543
12104084,2939
12105018,983
12106016,1816
12106058,2950
12106065,531
12106072,3456
12106075,1652
12107005,6527
12107006,3217
12107013,1241
12107016,3015
12108001,231
12108002,65
12108003,630
12099028,37
12099028,39
12099028,38
12099028,47
12099028,46
12099029,314
12099029,319
12099029,332
12099029,331
12099029,333
12099030,229
12099030,237
12099030,261
12099030,264
12099031,90
12099031,82
12099031,83
12099031,100
12099031,103
12099032,530
12099032,202
12099032,529
12099032,526
12099032,309
12099032,292
12099032,127
12099032,250
12099033,580
12099033,575
12099033,579
12099033,578
12099033,245
12099033,252
12099033,298
12099033,234
12099033,286
12099034,612
12099034,608
12099034,609
12099034,607
12099034,611
12099034,274
12099034,315
12099034,228
12099034,288
12099034,282
12099035,262
12099035,248
12099035,253
12099035,268
12099035,234
12099036,486
12099036,483
12099036,525
12099036,557
12099036,478
12099037,246
12099037,248
12099037,232
12099037,218
12099037,251
12099040,708
12099040,703
12099040,699
12099040,704
12099040,161
12099040,155
12099040,160
12099040,104
12099040,103
12099041,304
12099041,341
12099041,382
12099041,318
12099041,312
12099042,741
12099042,743
12099042,746
12099042,744
12099042,156
12099042,206
12099042,186
12099042,158
12099042,173
12099044,532
12099044,563
12099044,518
12099044,543
12099044,527
12099045,794
12099045,801
12099045,807
12099045,827
12099045,799
12099045,147
12099045,148
12099045,122
12099045,86
12099045,129
12099046,386
12099046,407
12099046,425
12099046,396
12099046,379
12099054,1
12099058,69
12099059,433
12099059,455
12099059,458
12099059,426
12099059,46
12099059,19
12099060,451
12099060,478
12099060,475
12099060,438
12099060,25
12099060,29
12099061,498
12099061,470
12099061,502
12099061,449
12099061,11
12099062,514
12099062,491
12099062,515
12099062,521
12099062,447
12099062,21
12099062,20
12099063,538
12099063,536
12099063,535
12099063,233
12099063,230
12099063,208
12099063,254
12099063,197
12100001,5
12100002,580
12100002,579
12100002,577
12100002,200
12100002,213
12100002,236
12100002,251
12100002,267
12100003,612
12100003,610
12100003,615
12100003,611
12100003,208
12100003,184
12100003,221
12100003,251
12100003,258
12100004,637
12100004,636
12100004,638
12100004,202
12100004,242
12100004,138
12100004,239
12100004,210
12100005,263
12100005,233
12100005,276
12100005,235
12100006,669
12100006,671
12100006,670
12100006,672
12100006,152
12100006,200
12100006,229
12100006,224
12100006,168
12100008,699
12100008,697
12100008,703
12100008,152
12100008,192
12100008,175
12100008,217
12100008,213
12100009,709
12100009,680
12100009,704
12100009,722
12100009,720
12100009,41
12100010,443
12100010,433
12100010,408
12100010,419
12100010,488
12100026,425
12100026,429
12100026,266
12100026,182
12100026,269
12100026,257
12100026,230
12100027,443
12100027,445
12100027,446
12100027,442
12100027,172
12100027,147
12100027,189
12100027,175
12101007,462
12101007,133
12101007,457
12101007,458
12101007,460
12101007,343
12101007,102
12101007,111
12101007,92
12101007,51
12101008,484
12101008,483
12101008,487
12101008,486
12101008,485
12101008,146
12101008,102
12101008,105
12101008,145
12101008,116
12101009,510
12101009,509
12101009,511
12101009,203
12101009,183
12101009,266
12101009,240
12101009,223
12101011,85
12101012,37
12101012,33
12101012,35
12101012,49
12101013,585
12101013,475
12101013,500
12101013,553
12101013,564
12101014,631
12101014,686
12101014,691
12101014,643
12101014,673
12101016,520
12101016,557
12101016,508
12101016,516
12101016,549
12101017,536
12101017,553
12101017,508
12101017,549
12101017,506
12101018,395
12101018,406
12101018,383
12101018,354
12101018,347
12101019,28
12101019,37
12101019,26
12101019,50
12101020,32
12101021,27
12101021,82
12101030,10
12101031,446
12101031,445
12101031,323
12101031,196
12101031,263
12101031,217
12101031,256
12101032,473
12101032,469
12101032,468
12101032,472
12101032,200
12101032,254
12101032,270
12101032,249
12101032,237
12101033,489
12101033,491
12101033,493
12101033,492
12101033,231
12101033,232
12101033,241
12101033,255
12101033,280
12101034,81
12101034,80
12101034,87
12101034,85
12101037,106
12101037,97
12101037,110
12101037,123
12101038,527
12101038,525
12101038,524
12101038,526
12101038,408
12101038,442
12101038,411
12101038,469
12101038,422
12101039,200
12101039,190
12101039,234
12101039,188
12101040,559
12101040,560
12101040,561
12101040,219
12101040,188
12101040,202
12101040,179
12101040,224
12101041,589
12101041,587
12101041,585
12101041,588
12101041,168
12101041,221
12101041,250
12101041,170
12101041,198
12101042,609
12101042,606
12101042,605
12101042,610
12101042,607
12101042,90
12101042,110
12101042,150
12101042,101
12101042,148
12101043,167
12101043,155
12101043,157
12101043,156
12101043,169
12101044,585
12101044,595
12101044,600
12101044,619
12101044,637
12101044,28
12101045,55
12101045,65
12101045,54
12101045,62
12101045,61
12101046,197
12101046,234
12101046,237
12101046,223
12101046,245
12101048,662
12101048,663
12101048,665
12101048,667
12101048,666
12101048,99
12101048,90
12101048,57
12101048,47
12101049,323
12101049,265
12101049,309
12101049,296
12101049,308
12101050,652
12101050,688
12101050,686
12101050,104
12101050,60
12101050,84
12101060,370
12101060,371
12101060,369
12101060,362
12101060,320
12101060,344
12101060,270
12101061,409
12101061,408
12101061,410
12101061,199
12101061,163
12101061,228
12101061,230
12101061,181
12101062,440
12101062,441
12101062,278
12101062,335
12101062,292
12101062,270
12101062,246
12101063,484
12101063,487
12101063,488
12101063,492
12101063,223
12101063,262
12101063,307
12101063,243
12101064,548
12101064,553
12101064,550
12101064,260
12101064,272
12101064,348
12101064,335
12101064,257
12102005,1154
12102006,767
12102029,21
12102030,187
12102030,197
12102030,213
12102030,200
12102030,199
12102031,340
12102031,360
12102031,333
12102031,376
12102031,358
12102032,102
12102032,98
12102032,101
12102032,111
12102032,90
12102033,274
12102033,264
12102033,261
12102033,303
12102033,257
12102035,295
12102035,366
12102035,310
12102035,333
12102035,331
12102036,60
12102036,69
12102036,71
12102036,81
12102036,83
12102037,450
12102037,449
12102037,451
12102037,452
12102037,145
12102037,86
12102037,101
12102037,159
12102039,466
12102039,470
12102039,471
12102039,473
12102039,138
12102039,94
12102039,142
12102039,105
12102039,137
12102040,94
12102040,105
12102040,99
12102040,104
12102040,107
12102041,202
12102041,179
12102041,176
12102041,180
12102041,185
12102042,347
12102042,332
12102042,326
12102042,338
12102042,328
12102043,516
12102043,510
12102043,515
12102043,514
12102043,70
12102043,71
12102043,93
12102043,68
12102043,76
12102044,391
12102044,413
12102044,415
12102044,412
12102044,402
12102045,85
12102045,545
12102045,546
12102045,549
12102045,56
12102045,50
12102046,389
12102046,386
12102046,397
12102046,418
12102046,369
12102047,100
12102047,570
12102047,571
12102047,573
12102047,99
12102047,67
12102048,138
12102048,163
12102048,165
12102048,182
12102048,139
12102049,268
12102049,281
12102049,275
12102049,283
12102049,257
12102050,323
12102050,270
12102050,279
12102050,292
12102050,276
12102051,40
12102051,603
12102051,604
12102051,582
12102051,591
12102051,607
12102051,67
12102052,359
12102052,344
12102052,376
12102052,352
12102052,298
12102053,426
12102053,421
12102053,477
12102053,464
12102053,437
12102054,322
12102054,264
12102054,282
12102054,318
12102054,293
12103009,72
12103009,69
12103009,83
12103009,79
12103016,103
12103016,37
12103018,329
12103018,357
12103018,361
12103018,343
12103020,270
12103020,276
12103020,277
12103020,232
12103021,555
12103021,560
12103021,556
12103021,558
12103021,109
12103021,83
12103021,82
12103021,111
12103021,117
12103022,78
12103022,589
12103022,587
12103022,593
12103022,68
12103023,78
12103023,77
12103023,91
12103023,83
12103023,81
12103024,137
12103024,129
12103024,139
12103024,159
12103024,155
12103027,113
12103027,102
12103027,121
12103027,126
12103027,115
12103029,81
12103029,75
12103029,108
12103029,76
12103029,85
12104003,627
12104003,641
12104003,617
12104003,597
12104003,557
12104004,130
12104004,139
12104004,128
12104004,135
12104004,129
12104005,379
12104005,353
12104005,369
12104005,367
12104006,119
12104006,96
12104006,107
12104006,129
12104006,118
12104007,13
12104010,334
12104010,351
12104010,343
12104010,340
12104011,522
12104011,568
12104011,550
12104011,490
12104011,526
12104012,272
12104012,262
12104012,292
12104012,282
12104012,281
12104013,540
12104013,473
12104013,537
12104013,496
12104013,515
12104014,595
12104014,629
12104014,644
12104014,665
12104014,641
12104015,124
12104015,158
12104015,133
12104015,135
12104015,130
12104017,640
12104017,634
12104017,646
12104017,651
12104017,636
12104018,649
12104018,641
12104018,645
12104018,619
12104018,657
12104019,250
12104019,237
12104019,232
12104019,273
12104019,255
12104085,210
12104085,234
12104085,213
12104085,207
12104085,190
12104091,0
12104092,191
12104092,77
12104092,89
12105001,125
12105002,306
12105003,658
12105003,703
12105003,689
12105003,678
12105003,647
12105004,119
12105004,122
12105004,139
12105004,116
12105004,964
12105004,961
12105004,89
12105004,958
12105004,960
12105005,412
12105005,469
12105005,454
12105005,472
12105005,437
12105009,696
12105009,731
12105009,692
12105009,717
12105009,657
12105010,677
12105010,728
12105010,729
12105010,712
12105010,718
12105016,192
12105016,167
12105016,174
12105016,164
12105016,170
12105017,170
12106017,92
12106017,99
12106017,102
12106017,83
12106017,111
12106018,452
12106018,438
12106018,440
12106018,467
12106018,463
12106019,179
12106019,177
12106019,157
12106019,165
12106019,191
12106020,585
12106020,591
12106020,586
12106020,590
12106020,568
12106021,9
12106022,594
12106022,598
12106022,591
12106022,610
12106022,580
12106023,414
12106023,434
12106023,382
12106023,422
12106023,401
12106024,358
12106024,348
12106024,381
12106024,388
12106032,641
12106032,668
12106032,562
12106032,615
12106032,623
12106033,32
12106034,599
12106034,623
12106034,603
12106034,640
12106034,635
12106035,107
12106035,106
12106035,89
12106035,109
12106035,98
12106036,528
12106036,511
12106036,537
12106036,516
12106036,521
12106037,372
12106037,440
12106037,409
12106037,377
12106037,412
12106038,223
12106038,238
12106038,248
12106038,241
12106038,191
12106038,49
12106039,645
12106039,686
12106039,674
12106039,688
12106039,609
12106040,686
12106040,673
12106040,691
12106040,655
12106040,631
12106041,473
12106041,489
12106041,521
12106041,461
12106048,685
12106048,750
12106048,687
12106048,686
12106049,698
12106049,720
12106049,693
12106049,683
12106049,723
12106050,180
12106050,186
12106050,192
12106050,190
12106050,195
12106051,43
12106053,145
12106053,133
12106053,161
12106053,154
12106053,148
12106054,537
12106054,491
12106054,528
12106054,501
12106054,595
12106055,489
12106055,448
12106055,496
12106055,503
12106055,471
12106057,733
12106057,754
12106057,698
12106057,719
12106057,730
12106066,36
12106067,476
12106067,496
12106067,427
12106067,494
12106067,440
12106068,530
12106068,514
12106068,589
12106068,567
12106068,507
12106069,99
12106069,100
12106069,120
12106069,104
12106069,107
12106070,79
12106070,85
12106070,73
12106070,70
12106070,69
12106071,222
12106071,212
12106071,195
12106071,218
12106071,209
12106073,572
12106073,564
12106073,581
12106073,588
12106073,619
12106074,133
12106074,165
12106074,145
12106074,161
12106074,154
12107001,534
12107001,582
12107001,548
12107001,568
12107001,587
12107002,648
12107002,614
12107002,601
12107002,624
12107002,619
12107003,135
12107003,133
12107003,102
12107003,131
12107003,146
12107004,202
12107004,164
12107004,200
12107004,170
12107004,185
12107007,39
12107008,705
12107008,693
12107008,710
12107008,706
12107008,719
12107009,724
12107009,660
12107009,722
12107009,741
12107009,711
12107010,711
12107010,726
12107010,694
12107010,739
12107010,703
12107011,149
12107011,179
12107011,156
12107011,155
12107012,220
12107012,237
12107012,236
12107012,217
12107012,209
12107014,106
12107014,122
12107014,119
12107014,117
12107014,123
12107026,111
12107026,80
12107026,94
12107026,95
12107026,84
12107027,57
12107027,603
12107027,598
12107027,595
12107027,596
12107027,597
12107027,64
12107030,253
12107030,280
12107030,279
12107030,251
12107030,285
12107031,449
12107031,444
12107031,426
12107031,445
12107031,463
12107032,4
12107033,583
12107033,635
12107033,606
12107033,652
12107033,637
12107034,633
12107034,615
12107034,654
12107034,644
12107034,599
12107035,196
12107035,202
12107035,220
12107035,222
12107035,206
12107036,226
12107036,244
12107036,261
12107036,276
12107036,257
12107037,305
12107037,356
12107037,351
12107037,341
12107037,344
12107038,610
12107038,624
12107038,668
12107038,651
12107038,697
12107039,359
12107039,407
12107039,390
12107039,404
12107039,379
12107040,675
12107040,666
12107040,669
12107040,655
12107040,662
12107041,118
12107042,346
12107042,332
12107042,342
12107042,289
12107042,327
12107043,445
12107043,426
12107043,418
12107043,437
12107043,456
12107044,293
12107044,301
12107044,329
12107044,295
12107045,685
12107045,695
12107045,726
12107045,714
12107045,718
12107046,699
12107046,741
12107046,687
12107046,704
12107046,791
12107047,178
12107047,208
12107047,183
12107047,182
12107048,751
12107048,700
12107048,737
12107048,655
12107048,805
12108004,155
12108004,574
12108004,573
12108004,572
12108004,59
12108005,282
12108005,285
12108005,259
12108005,271
12108005,287
12108006,59
12108006,614
12108006,611
12108006,601
12108006,600
12108006,599
12108007,9
12108007,599
12108007,603
12108007,581
12108007,615
12108007,636
12108008,626
12108008,572
12108008,648
12108008,635
12108008,606
12108009,355
12108009,318
12108009,340
12108009,344
12108009,360
12108010,106
12108010,125
12108010,101
12108010,111
12108010,104
12108011,585
12108011,596
12108011,607
12108011,619
12108011,617
12108012,113
12108012,108
12108012,126
12108012,135
12108012,130
12108013,563
12108013,582
12108013,620
12108013,629
12108013,626
12108014,40
12108015,663
12108015,625
12108015,602
12108015,615
12108015,532
12108016,593
12108016,619
12108016,601
12108016,564
12108016,655
12108017,83
12108017,759
12108017,755
12108017,757
12108017,762
12108017,106
12108017,110
12108018,593
12108018,610
12108018,661
12108018,589
12108018,622
12108019,617
12108019,611
12108019,615
12108019,680
12108019,626
12108020,301
12108020,380
12108020,355
12108020,312
12108020,325
12099055,24
12099055,25
12099055,26
12099056,273
12099056,279
12099056,278
12099056,320
12099056,301
12099057,158
12099057,162
12099057,140
12099057,159
12099057,141
12101005,17
12101005,27
12101006,422
12101006,421
12101006,420
12101006,424
12101006,438
12101006,439
12101006,436
12101006,440
12101006,71
12101006,113
12101006,148
12101006,80
12101006,114
12103017,15
12103017,474
12103017,416
12103017,445
12103017,436
12103017,454
12103025,135
12103025,117
12103025,124
12103025,129
12103025,128
12104016,234
12104016,224
12104016,225
12104016,232
12104016,218
12106029,422
12106029,357
12106029,388
12106029,339
12106029,365
12106031,580
12106031,570
12106031,557
12106031,566
12106031,607
12106042,205
12106042,221
12106042,208
12106042,241
12106042,204
12106045,546
12106045,556
12106045,499
12106045,523
12106045,507
12107028,165
12107028,184
12107028,174
12107028,173
12107028,176
